time	time	departures_all	arrivals_all	stuck_all	en-route_all	departures_car	arrivals_car	stuck_car	en-route_car
00:00:00	0	0	0	0	0	0	0	0	0
00:05:00	300	0	0	0	0	0	0	0	0
00:10:00	600	0	0	0	0	0	0	0	0
00:15:00	900	0	0	0	0	0	0	0	0
00:20:00	1200	0	0	0	0	0	0	0	0
00:25:00	1500	0	0	0	0	0	0	0	0
00:30:00	1800	0	0	0	0	0	0	0	0
00:35:00	2100	0	0	0	0	0	0	0	0
00:40:00	2400	0	0	0	0	0	0	0	0
00:45:00	2700	0	0	0	0	0	0	0	0
00:50:00	3000	0	0	0	0	0	0	0	0
00:55:00	3300	0	0	0	0	0	0	0	0
01:00:00	3600	0	0	0	0	0	0	0	0
01:05:00	3900	0	0	0	0	0	0	0	0
01:10:00	4200	0	0	0	0	0	0	0	0
01:15:00	4500	0	0	0	0	0	0	0	0
01:20:00	4800	0	0	0	0	0	0	0	0
01:25:00	5100	0	0	0	0	0	0	0	0
01:30:00	5400	0	0	0	0	0	0	0	0
01:35:00	5700	0	0	0	0	0	0	0	0
01:40:00	6000	0	0	0	0	0	0	0	0
01:45:00	6300	0	0	0	0	0	0	0	0
01:50:00	6600	0	0	0	0	0	0	0	0
01:55:00	6900	0	0	0	0	0	0	0	0
02:00:00	7200	0	0	0	0	0	0	0	0
02:05:00	7500	0	0	0	0	0	0	0	0
02:10:00	7800	0	0	0	0	0	0	0	0
02:15:00	8100	0	0	0	0	0	0	0	0
02:20:00	8400	0	0	0	0	0	0	0	0
02:25:00	8700	0	0	0	0	0	0	0	0
02:30:00	9000	0	0	0	0	0	0	0	0
02:35:00	9300	0	0	0	0	0	0	0	0
02:40:00	9600	0	0	0	0	0	0	0	0
02:45:00	9900	0	0	0	0	0	0	0	0
02:50:00	10200	0	0	0	0	0	0	0	0
02:55:00	10500	0	0	0	0	0	0	0	0
03:00:00	10800	0	0	0	0	0	0	0	0
03:05:00	11100	0	0	0	0	0	0	0	0
03:10:00	11400	0	0	0	0	0	0	0	0
03:15:00	11700	0	0	0	0	0	0	0	0
03:20:00	12000	0	0	0	0	0	0	0	0
03:25:00	12300	0	0	0	0	0	0	0	0
03:30:00	12600	0	0	0	0	0	0	0	0
03:35:00	12900	0	0	0	0	0	0	0	0
03:40:00	13200	0	0	0	0	0	0	0	0
03:45:00	13500	0	0	0	0	0	0	0	0
03:50:00	13800	0	0	0	0	0	0	0	0
03:55:00	14100	0	0	0	0	0	0	0	0
04:00:00	14400	0	0	0	0	0	0	0	0
04:05:00	14700	0	0	0	0	0	0	0	0
04:10:00	15000	0	0	0	0	0	0	0	0
04:15:00	15300	0	0	0	0	0	0	0	0
04:20:00	15600	0	0	0	0	0	0	0	0
04:25:00	15900	0	0	0	0	0	0	0	0
04:30:00	16200	0	0	0	0	0	0	0	0
04:35:00	16500	0	0	0	0	0	0	0	0
04:40:00	16800	0	0	0	0	0	0	0	0
04:45:00	17100	0	0	0	0	0	0	0	0
04:50:00	17400	0	0	0	0	0	0	0	0
04:55:00	17700	0	0	0	0	0	0	0	0
05:00:00	18000	0	0	0	0	0	0	0	0
05:05:00	18300	0	0	0	0	0	0	0	0
05:10:00	18600	0	0	0	0	0	0	0	0
05:15:00	18900	0	0	0	0	0	0	0	0
05:20:00	19200	0	0	0	0	0	0	0	0
05:25:00	19500	0	0	0	0	0	0	0	0
05:30:00	19800	0	0	0	0	0	0	0	0
05:35:00	20100	0	0	0	0	0	0	0	0
05:40:00	20400	0	0	0	0	0	0	0	0
05:45:00	20700	0	0	0	0	0	0	0	0
05:50:00	21000	0	0	0	0	0	0	0	0
05:55:00	21300	0	0	0	0	0	0	0	0
06:00:00	21600	0	0	0	0	0	0	0	0
06:05:00	21900	0	0	0	0	0	0	0	0
06:10:00	22200	0	0	0	0	0	0	0	0
06:15:00	22500	0	0	0	0	0	0	0	0
06:20:00	22800	0	0	0	0	0	0	0	0
06:25:00	23100	0	0	0	0	0	0	0	0
06:30:00	23400	0	0	0	0	0	0	0	0
06:35:00	23700	0	0	0	0	0	0	0	0
06:40:00	24000	0	0	0	0	0	0	0	0
06:45:00	24300	0	0	0	0	0	0	0	0
06:50:00	24600	0	0	0	0	0	0	0	0
06:55:00	24900	0	0	0	0	0	0	0	0
07:00:00	25200	156	9	0	147	156	9	0	147
07:05:00	25500	142	62	0	227	142	62	0	227
07:10:00	25800	150	100	0	277	150	100	0	277
07:15:00	26100	143	136	0	284	143	136	0	284
07:20:00	26400	142	177	0	249	142	177	0	249
07:25:00	26700	133	145	0	237	133	145	0	237
07:30:00	27000	152	137	0	252	152	137	0	252
07:35:00	27300	154	139	0	267	154	139	0	267
07:40:00	27600	139	139	0	267	139	139	0	267
07:45:00	27900	159	157	0	269	159	157	0	269
07:50:00	28200	152	145	0	276	152	145	0	276
07:55:00	28500	152	157	0	271	152	157	0	271
08:00:00	28800	159	163	0	267	159	163	0	267
08:05:00	29100	148	151	0	264	148	151	0	264
08:10:00	29400	160	147	0	277	160	147	0	277
08:15:00	29700	140	145	0	272	140	145	0	272
08:20:00	30000	141	142	0	271	141	142	0	271
08:25:00	30300	166	160	0	277	166	160	0	277
08:30:00	30600	147	163	0	261	147	163	0	261
08:35:00	30900	154	147	0	268	154	147	0	268
08:40:00	31200	160	158	0	270	160	158	0	270
08:45:00	31500	158	167	0	261	158	167	0	261
08:50:00	31800	155	159	0	257	155	159	0	257
08:55:00	32100	141	133	0	265	141	133	0	265
09:00:00	32400	143	135	0	273	143	135	0	273
09:05:00	32700	159	148	0	284	159	148	0	284
09:10:00	33000	152	167	0	269	152	167	0	269
09:15:00	33300	146	151	0	264	146	151	0	264
09:20:00	33600	147	138	0	273	147	138	0	273
09:25:00	33900	143	170	0	246	143	170	0	246
09:30:00	34200	163	131	0	278	163	131	0	278
09:35:00	34500	153	149	0	282	153	149	0	282
09:40:00	34800	141	161	0	262	141	161	0	262
09:45:00	35100	150	149	0	263	150	149	0	263
09:50:00	35400	150	127	0	286	150	127	0	286
09:55:00	35700	149	162	0	273	149	162	0	273
10:00:00	36000	140	147	0	266	140	147	0	266
10:05:00	36300	167	160	0	273	167	160	0	273
10:10:00	36600	144	143	0	274	144	143	0	274
10:15:00	36900	150	131	0	293	150	131	0	293
10:20:00	37200	144	175	0	262	144	175	0	262
10:25:00	37500	155	148	0	269	155	148	0	269
10:30:00	37800	141	161	0	249	141	161	0	249
10:35:00	38100	143	145	0	247	143	145	0	247
10:40:00	38400	149	125	0	271	149	125	0	271
10:45:00	38700	152	147	0	276	152	147	0	276
10:50:00	39000	150	148	0	278	150	148	0	278
10:55:00	39300	159	151	0	286	159	151	0	286
11:00:00	39600	314	166	0	434	314	166	0	434
11:05:00	39900	299	216	0	517	299	216	0	517
11:10:00	40200	304	277	0	544	304	277	0	544
11:15:00	40500	296	270	0	570	296	270	0	570
11:20:00	40800	287	324	0	533	287	324	0	533
11:25:00	41100	289	295	0	527	289	295	0	527
11:30:00	41400	309	300	0	536	309	300	0	536
11:35:00	41700	310	287	0	559	310	287	0	559
11:40:00	42000	286	297	0	548	286	297	0	548
11:45:00	42300	306	317	0	537	306	317	0	537
11:50:00	42600	302	300	0	539	302	300	0	539
11:55:00	42900	309	311	0	537	309	311	0	537
12:00:00	43200	305	296	0	546	305	296	0	546
12:05:00	43500	301	313	0	534	301	313	0	534
12:10:00	43800	312	298	0	548	312	298	0	548
12:15:00	44100	302	292	0	558	302	292	0	558
12:20:00	44400	295	294	0	559	295	294	0	559
12:25:00	44700	317	318	0	558	317	318	0	558
12:30:00	45000	199	320	0	437	199	320	0	437
12:35:00	45300	154	260	0	331	154	260	0	331
12:40:00	45600	160	208	0	283	160	208	0	283
12:45:00	45900	158	180	0	261	158	180	0	261
12:50:00	46200	155	159	0	257	155	159	0	257
12:55:00	46500	141	132	0	266	141	132	0	266
13:00:00	46800	143	137	0	272	143	137	0	272
13:05:00	47100	159	146	0	285	159	146	0	285
13:10:00	47400	152	165	0	272	152	165	0	272
13:15:00	47700	146	150	0	268	146	150	0	268
13:20:00	48000	147	145	0	270	147	145	0	270
13:25:00	48300	143	163	0	250	143	163	0	250
13:30:00	48600	163	134	0	279	163	134	0	279
13:35:00	48900	153	151	0	281	153	151	0	281
13:40:00	49200	141	165	0	257	141	165	0	257
13:45:00	49500	150	139	0	268	150	139	0	268
13:50:00	49800	150	130	0	288	150	130	0	288
13:55:00	50100	149	167	0	270	149	167	0	270
14:00:00	50400	140	143	0	267	140	143	0	267
14:05:00	50700	167	164	0	270	167	164	0	270
14:10:00	51000	144	141	0	273	144	141	0	273
14:15:00	51300	150	133	0	290	150	133	0	290
14:20:00	51600	144	171	0	263	144	171	0	263
14:25:00	51900	155	150	0	268	155	150	0	268
14:30:00	52200	141	157	0	252	141	157	0	252
14:35:00	52500	143	147	0	248	143	147	0	248
14:40:00	52800	149	127	0	270	149	127	0	270
14:45:00	53100	152	142	0	280	152	142	0	280
14:50:00	53400	150	155	0	275	150	155	0	275
14:55:00	53700	159	143	0	291	159	143	0	291
15:00:00	54000	158	164	0	285	158	164	0	285
15:05:00	54300	157	155	0	287	157	155	0	287
15:10:00	54600	154	176	0	265	154	176	0	265
15:15:00	54900	153	133	0	285	153	133	0	285
15:20:00	55200	145	151	0	279	145	151	0	279
15:25:00	55500	156	149	0	286	156	149	0	286
15:30:00	55800	157	160	0	283	157	160	0	283
15:35:00	56100	156	145	0	294	156	145	0	294
15:40:00	56400	147	160	0	281	147	160	0	281
15:45:00	56700	147	154	0	274	147	154	0	274
15:50:00	57000	150	154	0	270	150	154	0	270
15:55:00	57300	157	161	0	266	157	161	0	266
16:00:00	57600	146	138	0	274	146	138	0	274
16:05:00	57900	153	159	0	268	153	159	0	268
16:10:00	58200	152	149	0	271	152	149	0	271
16:15:00	58500	162	153	0	280	162	153	0	280
16:20:00	58800	154	145	0	289	154	145	0	289
16:25:00	59100	151	160	0	280	151	160	0	280
16:30:00	59400	52	157	0	175	52	157	0	175
16:35:00	59700	0	107	0	68	0	107	0	68
16:40:00	60000	0	54	0	14	0	54	0	14
16:45:00	60300	0	13	0	1	0	13	0	1
16:50:00	60600	0	1	0	0	0	1	0	0
16:55:00	60900	0	0	0	0	0	0	0	0
17:00:00	61200	0	0	0	0	0	0	0	0
17:05:00	61500	0	0	0	0	0	0	0	0
17:10:00	61800	0	0	0	0	0	0	0	0
17:15:00	62100	0	0	0	0	0	0	0	0
17:20:00	62400	0	0	0	0	0	0	0	0
17:25:00	62700	0	0	0	0	0	0	0	0
17:30:00	63000	0	0	0	0	0	0	0	0
17:35:00	63300	0	0	0	0	0	0	0	0
17:40:00	63600	0	0	0	0	0	0	0	0
17:45:00	63900	0	0	0	0	0	0	0	0
17:50:00	64200	0	0	0	0	0	0	0	0
17:55:00	64500	0	0	0	0	0	0	0	0
18:00:00	64800	0	0	0	0	0	0	0	0
18:05:00	65100	0	0	0	0	0	0	0	0
18:10:00	65400	0	0	0	0	0	0	0	0
18:15:00	65700	0	0	0	0	0	0	0	0
18:20:00	66000	0	0	0	0	0	0	0	0
18:25:00	66300	0	0	0	0	0	0	0	0
18:30:00	66600	0	0	0	0	0	0	0	0
18:35:00	66900	0	0	0	0	0	0	0	0
18:40:00	67200	0	0	0	0	0	0	0	0
18:45:00	67500	0	0	0	0	0	0	0	0
18:50:00	67800	0	0	0	0	0	0	0	0
18:55:00	68100	0	0	0	0	0	0	0	0
19:00:00	68400	0	0	0	0	0	0	0	0
19:05:00	68700	0	0	0	0	0	0	0	0
19:10:00	69000	0	0	0	0	0	0	0	0
19:15:00	69300	0	0	0	0	0	0	0	0
19:20:00	69600	0	0	0	0	0	0	0	0
19:25:00	69900	0	0	0	0	0	0	0	0
19:30:00	70200	0	0	0	0	0	0	0	0
19:35:00	70500	0	0	0	0	0	0	0	0
19:40:00	70800	0	0	0	0	0	0	0	0
19:45:00	71100	0	0	0	0	0	0	0	0
19:50:00	71400	0	0	0	0	0	0	0	0
19:55:00	71700	0	0	0	0	0	0	0	0
20:00:00	72000	0	0	0	0	0	0	0	0
20:05:00	72300	0	0	0	0	0	0	0	0
20:10:00	72600	0	0	0	0	0	0	0	0
20:15:00	72900	0	0	0	0	0	0	0	0
20:20:00	73200	0	0	0	0	0	0	0	0
20:25:00	73500	0	0	0	0	0	0	0	0
20:30:00	73800	0	0	0	0	0	0	0	0
20:35:00	74100	0	0	0	0	0	0	0	0
20:40:00	74400	0	0	0	0	0	0	0	0
20:45:00	74700	0	0	0	0	0	0	0	0
20:50:00	75000	0	0	0	0	0	0	0	0
20:55:00	75300	0	0	0	0	0	0	0	0
21:00:00	75600	0	0	0	0	0	0	0	0
21:05:00	75900	0	0	0	0	0	0	0	0
21:10:00	76200	0	0	0	0	0	0	0	0
21:15:00	76500	0	0	0	0	0	0	0	0
21:20:00	76800	0	0	0	0	0	0	0	0
21:25:00	77100	0	0	0	0	0	0	0	0
21:30:00	77400	0	0	0	0	0	0	0	0
21:35:00	77700	0	0	0	0	0	0	0	0
21:40:00	78000	0	0	0	0	0	0	0	0
21:45:00	78300	0	0	0	0	0	0	0	0
21:50:00	78600	0	0	0	0	0	0	0	0
21:55:00	78900	0	0	0	0	0	0	0	0
22:00:00	79200	0	0	0	0	0	0	0	0
22:05:00	79500	0	0	0	0	0	0	0	0
22:10:00	79800	0	0	0	0	0	0	0	0
22:15:00	80100	0	0	0	0	0	0	0	0
22:20:00	80400	0	0	0	0	0	0	0	0
22:25:00	80700	0	0	0	0	0	0	0	0
22:30:00	81000	0	0	0	0	0	0	0	0
22:35:00	81300	0	0	0	0	0	0	0	0
22:40:00	81600	0	0	0	0	0	0	0	0
22:45:00	81900	0	0	0	0	0	0	0	0
22:50:00	82200	0	0	0	0	0	0	0	0
22:55:00	82500	0	0	0	0	0	0	0	0
23:00:00	82800	0	0	0	0	0	0	0	0
23:05:00	83100	0	0	0	0	0	0	0	0
23:10:00	83400	0	0	0	0	0	0	0	0
23:15:00	83700	0	0	0	0	0	0	0	0
23:20:00	84000	0	0	0	0	0	0	0	0
23:25:00	84300	0	0	0	0	0	0	0	0
23:30:00	84600	0	0	0	0	0	0	0	0
23:35:00	84900	0	0	0	0	0	0	0	0
23:40:00	85200	0	0	0	0	0	0	0	0
23:45:00	85500	0	0	0	0	0	0	0	0
23:50:00	85800	0	0	0	0	0	0	0	0
23:55:00	86100	0	0	0	0	0	0	0	0
24:00:00	86400	0	0	0	0	0	0	0	0
24:05:00	86700	0	0	0	0	0	0	0	0
24:10:00	87000	0	0	0	0	0	0	0	0
24:15:00	87300	0	0	0	0	0	0	0	0
24:20:00	87600	0	0	0	0	0	0	0	0
24:25:00	87900	0	0	0	0	0	0	0	0
24:30:00	88200	0	0	0	0	0	0	0	0
24:35:00	88500	0	0	0	0	0	0	0	0
24:40:00	88800	0	0	0	0	0	0	0	0
24:45:00	89100	0	0	0	0	0	0	0	0
24:50:00	89400	0	0	0	0	0	0	0	0
24:55:00	89700	0	0	0	0	0	0	0	0
25:00:00	90000	0	0	0	0	0	0	0	0
25:05:00	90300	0	0	0	0	0	0	0	0
25:10:00	90600	0	0	0	0	0	0	0	0
25:15:00	90900	0	0	0	0	0	0	0	0
25:20:00	91200	0	0	0	0	0	0	0	0
25:25:00	91500	0	0	0	0	0	0	0	0
25:30:00	91800	0	0	0	0	0	0	0	0
25:35:00	92100	0	0	0	0	0	0	0	0
25:40:00	92400	0	0	0	0	0	0	0	0
25:45:00	92700	0	0	0	0	0	0	0	0
25:50:00	93000	0	0	0	0	0	0	0	0
25:55:00	93300	0	0	0	0	0	0	0	0
26:00:00	93600	0	0	0	0	0	0	0	0
26:05:00	93900	0	0	0	0	0	0	0	0
26:10:00	94200	0	0	0	0	0	0	0	0
26:15:00	94500	0	0	0	0	0	0	0	0
26:20:00	94800	0	0	0	0	0	0	0	0
26:25:00	95100	0	0	0	0	0	0	0	0
26:30:00	95400	0	0	0	0	0	0	0	0
26:35:00	95700	0	0	0	0	0	0	0	0
26:40:00	96000	0	0	0	0	0	0	0	0
26:45:00	96300	0	0	0	0	0	0	0	0
26:50:00	96600	0	0	0	0	0	0	0	0
26:55:00	96900	0	0	0	0	0	0	0	0
27:00:00	97200	0	0	0	0	0	0	0	0
27:05:00	97500	0	0	0	0	0	0	0	0
27:10:00	97800	0	0	0	0	0	0	0	0
27:15:00	98100	0	0	0	0	0	0	0	0
27:20:00	98400	0	0	0	0	0	0	0	0
27:25:00	98700	0	0	0	0	0	0	0	0
27:30:00	99000	0	0	0	0	0	0	0	0
27:35:00	99300	0	0	0	0	0	0	0	0
27:40:00	99600	0	0	0	0	0	0	0	0
27:45:00	99900	0	0	0	0	0	0	0	0
27:50:00	100200	0	0	0	0	0	0	0	0
27:55:00	100500	0	0	0	0	0	0	0	0
28:00:00	100800	0	0	0	0	0	0	0	0
28:05:00	101100	0	0	0	0	0	0	0	0
28:10:00	101400	0	0	0	0	0	0	0	0
28:15:00	101700	0	0	0	0	0	0	0	0
28:20:00	102000	0	0	0	0	0	0	0	0
28:25:00	102300	0	0	0	0	0	0	0	0
28:30:00	102600	0	0	0	0	0	0	0	0
28:35:00	102900	0	0	0	0	0	0	0	0
28:40:00	103200	0	0	0	0	0	0	0	0
28:45:00	103500	0	0	0	0	0	0	0	0
28:50:00	103800	0	0	0	0	0	0	0	0
28:55:00	104100	0	0	0	0	0	0	0	0
29:00:00	104400	0	0	0	0	0	0	0	0
29:05:00	104700	0	0	0	0	0	0	0	0
29:10:00	105000	0	0	0	0	0	0	0	0
29:15:00	105300	0	0	0	0	0	0	0	0
29:20:00	105600	0	0	0	0	0	0	0	0
29:25:00	105900	0	0	0	0	0	0	0	0
29:30:00	106200	0	0	0	0	0	0	0	0
29:35:00	106500	0	0	0	0	0	0	0	0
29:40:00	106800	0	0	0	0	0	0	0	0
29:45:00	107100	0	0	0	0	0	0	0	0
29:50:00	107400	0	0	0	0	0	0	0	0
29:55:00	107700	0	0	0	0	0	0	0	0
30:00:00	108000	0	0	0	0	0	0	0	0
30:05:00	108300	0	0	0	0	0	0	0	0
