ITERATION	avg. EXECUTED	avg. WORST	avg. AVG	avg. BEST
0	0.031048153824988902	
1	1171.134555686987	
2	2229.0086046592824	
3	3223.745773274741	
4	4112.737076754985	
5	4860.810521392756	
6	5559.585834565076	
7	6193.744568356591	
8	6793.299247077213	
9	7297.468334003939	
10	7746.050211027535	
11	8138.791231056762	
12	8527.375338397622	
13	8856.69497821648	
14	9190.187924060458	
15	9485.185449318202	
16	9720.379756820928	
17	9987.323427125839	
18	10171.099006704586	
19	10325.52436871183	
20	10483.570800101192	
21	10627.600993020931	
22	10753.97745513336	
23	10854.07623001064	
24	10956.210846700627	
25	11037.760653446827	
26	11128.537639707758	
27	11215.707751120603	
28	11265.13474241282	
29	11331.380682508341	
30	11390.199914675342	
31	11451.748514106232	
32	11489.189522336084	
33	11520.937395252082	
34	11561.430615626039	
35	11596.7728906783	
36	11638.961780707155	
37	11657.566223215756	
38	11676.925374256796	
39	11700.883546549128	
40	11717.617229006097	
41	11755.148518627711	
42	11772.86795897791	
43	11788.13988877987	
44	11808.298765225167	
45	11817.0841573499	
46	11832.532854631982	
47	11847.713135414362	
48	11865.20181747283	
49	11869.65511759041	
50	11878.531580854291	
51	11890.73110496575	
52	11894.15857307771	
53	11898.471650277499	
54	11902.927808045422	
55	11905.169495427479	
56	11912.180974303066	
57	11911.280629719058	
58	11914.86823419564	
59	11920.053081518716	
60	11923.55090591369	
61	11925.037369016538	
62	11927.316272504973	
63	11930.052765766364	
64	11930.935786078704	
65	11932.735485041167	
66	11933.748041555446	
67	11933.525159587669	
68	11932.291222864593	
69	11934.408634587455	
70	11934.45783749393	
71	11935.338150911379	
72	11934.48560539124	
73	11935.290906925302	
74	11937.014024678136	
75	11936.567534176242	
76	11937.470087921127	
77	11937.872233077487	
78	11938.431695365645	
79	11938.773060214022	
80	11939.048083064092	
81	11938.722698941652	
82	11938.342833773533	
83	11938.760608277169	
84	11939.436650514039	
85	11939.020140205457	
86	11938.384138417632	
87	11938.404886416864	
88	11939.993359465449	
89	11939.535819422801	
90	11940.164835305386	
91	11939.199166791594	
92	11939.560935931018	
93	11937.889523495007	
94	11939.262600445876	
95	11939.519477908638	
96	11939.487756994478	
97	11940.055530956599	
98	11941.016880824807	
99	11940.126454350495	
100	11939.773000285619	
101	11941.300409745134	
102	11939.191388513598	
103	11939.22064227754	
104	11939.965836693429	
105	11939.109258629462	
106	11939.836274977508	
107	11938.511848805869	
108	11939.079753510452	
109	11939.258933647987	
110	11939.67508915987	
111	11939.814461983666	
112	11939.867238962319	
113	11940.645060039133	
114	11940.604619136458	
115	11940.299508050664	
116	11940.485156512665	
117	11941.332451231596	
118	11939.451638341952	
119	11940.31904856039	
120	11939.672140874203	
121	11939.587287962144	
122	11941.126172404307	
123	11940.396461911174	
124	11940.239643220164	
125	11940.3248130998	
126	11939.411444338768	
127	11940.375701337238	
128	11939.749985298191	
129	11940.222159760135	
130	11941.411660384743	
131	11940.510622248967	
132	11939.250219488233	
133	11940.173806363106	
134	11940.086242246674	
135	11941.289451342787	
136	11940.383029507242	
137	11940.511895144684	
138	11941.735430974504	
139	11941.035785432065	
140	11939.173964671836	
141	11941.574747099905	
142	11939.648118636096	
143	11940.775426242257	
144	11939.934053641024	
145	11939.103180140499	
146	11940.467664597185	
147	11940.076568246446	
148	11939.12515458651	
149	11939.846795084435	
150	11939.903720042686	
151	11940.563253332746	
152	11940.442399219519	
153	11938.957438095147	
154	11939.693411695709	
155	11939.728252343732	
156	11940.637275955476	
157	11941.117631207682	
158	11939.189429426087	
159	11940.465489710225	
160	11940.752116383293	
161	11940.041283338931	
162	11941.01151747186	
163	11940.316272321177	
164	11940.197603222065	
165	11940.478113493607	
166	11940.64610125313	
167	11939.901987279745	
168	11940.853146851603	
169	11939.63662219487	
170	11939.755300734116	
171	11939.380444976225	
172	11940.21063380553	
173	11940.325277412296	
174	11939.699303354484	
175	11940.8698821511	
176	11938.918392295902	
177	11940.492710244735	
178	11941.16520867126	
179	11940.518231469458	
180	11939.67057809591	
181	11939.374813630095	
182	11941.015088490467	
183	11940.589246337602	
184	11940.644344270771	
185	11940.385126244468	
186	11939.906987546572	
187	11941.351668126967	
188	11940.674718383172	
189	11940.35761065249	
190	11940.704569994474	
191	11939.90211706365	
192	11938.63351778068	
193	11939.601829687204	
194	11939.561186318235	
195	11940.310074015179	
196	11940.184100534936	
197	11940.519269094568	
198	11938.850394613542	
199	11939.988503988663	
200	11939.849333910766	
201	11939.009134680944	
202	11940.281749484644	
203	11940.430013618925	
204	11940.810569189642	
205	11939.736987125476	
206	11939.56945264505	
207	11941.47197835558	
208	11940.330266581232	
209	11939.976171979954	
210	11940.380470600188	
211	11940.572856283154	
212	11939.936867004519	
213	11939.577228846418	
214	11939.78521630929	
215	11940.392167443488	
216	11940.737086289126	
217	11939.762921398855	
218	11940.680701349687	
219	11939.307044111725	
220	11940.750914256001	
221	11940.516799127807	
222	11940.381792656612	
223	11940.013797243135	
224	11940.43836130374	
225	11940.59932629266	
226	11940.69731699331	
227	11939.58939144447	
228	11940.8682175517	
229	11939.351962194032	
230	11940.661190202394	
231	11941.221901838202	
232	11941.206983996984	
233	11940.06921072809	
234	11940.483404896318	
235	11940.762712407475	
236	11940.938744774261	
237	11941.048626310549	
238	11940.151123173571	
239	11940.25981376126	
240	11940.286265670253	
241	11940.581237698443	
242	11940.000079011428	
243	11940.31130951671	
244	11941.374447143317	
245	11939.445694238977	
246	11939.525150809543	
247	11939.47252369832	
248	11939.499335391785	
249	11939.904169673846	
250	11941.473213267998	
251	11940.35798024315	
252	11940.34313952107	
253	11939.101698355395	
254	11940.396216790567	
255	11941.501092098973	
256	11939.97154779409	
257	11939.357351741823	
258	11939.21278123932	
259	11940.90383740899	
260	11939.684982138724	
261	11939.126671811591	
262	11940.114081910066	
263	11939.365882519936	
264	11940.139476996732	
265	11941.26562899166	
266	11939.81898116671	
267	11940.598507052911	
268	11939.919264296019	
269	11940.907184748989	
270	11939.437490698327	
271	11940.633393354125	
272	11939.65559438336	
273	11940.637153647127	
274	11938.531268378416	
275	11939.220584308638	
276	11939.94026821906	
277	11938.62751825093	
278	11940.496558650657	
279	11937.97528477884	
280	11940.399258377716	
281	11938.807633160039	
282	11939.212919207937	
283	11940.221671595902	
284	11939.341102613102	
285	11940.345676032974	
286	11939.930326563162	
287	11940.04520653439	
288	11939.890084963024	
289	11939.380735249808	
290	11939.078023487726	
291	11940.381552098843	
292	11939.386357945523	
293	11939.912589901413	
294	11940.009664527073	
295	11939.730294112618	
296	11938.21597719432	
297	11939.402545046823	
298	11939.499451092308	
299	11940.041625646689	
300	11939.690712541566	
301	11939.633758938033	
302	11940.12115921268	
303	11939.400127874802	
304	11939.952539283582	
305	11938.64574224181	
306	11940.95361106404	
307	11942.102054392044	
308	11940.276029869643	
309	11939.33205113274	
310	11940.017008789055	
311	11939.093005077604	
312	11940.381177905016	
313	11940.36431411913	
314	11940.163621621712	
315	11940.861185009464	
316	11939.462569302808	
317	11941.58745179991	
318	11939.789050717865	
319	11939.127947973078	
320	11939.157452765765	
321	11938.91136299536	
322	11939.762764319043	
323	11939.223801996644	
324	11939.672764013447	
325	11939.966580028518	
326	11939.733217520223	
327	11940.626013225527	
328	11940.26297527746	
329	11940.286271481536	
330	11940.14760824152	
331	11939.066032022522	
332	11939.912072685782	
333	11939.50468500029	
334	11939.209247220102	
335	11939.12748573109	
336	11940.961399975033	
337	11939.68772996596	
338	11938.614318716462	
339	11940.374762252546	
340	11939.967157327943	
341	11940.222239752631	
342	11939.684219324536	
343	11940.468664036114	
344	11940.87147778545	
345	11940.570605269355	
346	11941.000847900272	
347	11941.13514800582	
348	11939.534887120417	
349	11940.778831471585	
350	11940.650484770713	
351	11940.28903637044	
352	11940.225256561944	
353	11939.382595357298	
354	11939.117914451224	
355	11939.76401969441	
356	11940.365442411674	
357	11940.350196474743	
358	11939.939419635217	
359	11940.233644017353	
360	11939.71390481751	
361	11940.576125864149	
362	11939.198950004322	
363	11939.56427368383	
364	11940.654901099866	
365	11940.098452861756	
366	11940.858071038063	
367	11940.247887586409	
368	11939.948869926651	
369	11940.09573153285	
370	11940.072988733546	
371	11939.861833059964	
372	11939.474370575439	
373	11939.176492807434	
374	11940.117029453999	
375	11941.093965453327	
376	11939.55427847138	
377	11938.977310515407	
378	11940.065124316738	
379	11940.581409519122	
380	11939.891278252127	
381	11938.676720890644	
382	11939.804790119242	
383	11939.894226324139	
384	11939.578046349845	
385	11940.678414434518	
386	11939.244043551598	
387	11938.942266820959	
388	11939.974485850924	
389	11939.649437903501	
390	11939.540714902654	
391	11940.11299995642	
392	11939.476981030666	
393	11940.04677925378	
394	11938.391598035083	
395	11940.519648398067	
396	11939.831899612118	
397	11940.199505264809	
398	11939.34003036346	
399	11939.172833007748	
400	11939.571559881395	
