6_1_0_1:	25211.0	25212.0	25214.0	25216.0	25220.0	25224.0	25232.0	25234.0	25241.0	25248.0	25255.0	25259.0	25263.0	25270.0	25277.0	25282.0	25285.0	25290.0	25302.0	25315.0	25318.0	25322.0	25325.0	25332.0	25349.0	25356.0	25359.0	25368.0	25377.0	25381.0	25386.0	25390.0	25395.0	25400.0	25408.0	25420.0	25450.0	25468.0	25473.0	25533.0	25536.0	25539.0	25544.0	25546.0	25553.0	25560.0	25565.0	25570.0	25575.0	25580.0	25594.0	25599.0	25613.0	25616.0	25621.0	25622.0	25624.0	25625.0	25627.0	25633.0	25638.0	25640.0	25644.0	25659.0	25665.0	25669.0	25675.0	25682.0	25703.0	25715.0	25718.0	25720.0	25729.0	25735.0	25746.0	25749.0	25753.0	25766.0	25778.0	25784.0	25790.0	25793.0	25797.0	25799.0	25803.0	25807.0	25811.0	25816.0	25834.0
8_1_3_2:	68473.0	68474.0	68479.0	68484.0
8_1_3_1:	25273.0	25274.0
6_1_0_2:	68411.0	68412.0	68414.0	68418.0	68428.0	68433.0	68438.0	68442.0	68450.0	68451.0	68454.0	68457.0	68466.0	68481.0	68486.0	68489.0	68494.0	68495.0	68499.0	68508.0	68519.0	68522.0	68531.0	68533.0	68538.0	68543.0	68553.0	68562.0	68564.0	68568.0	68578.0	68581.0	68586.0	68594.0	68599.0	68600.0	68601.0	68602.0	68607.0	68608.0	68612.0	68618.0	68620.0	68645.0	68653.0	68667.0	68668.0	68669.0	68670.0	68672.0	68684.0	68685.0	68686.0	68729.0	68732.0	68744.0	68746.0	68749.0	68750.0	68762.0	68771.0	68782.0	68784.0	68786.0	68791.0	68824.0	68829.0	68840.0	68845.0	68854.0	68864.0	68874.0	68884.0	68894.0	68904.0	68914.0	68924.0	68934.0	68944.0	68954.0	68964.0	68974.0	68984.0	68988.0	68992.0	68994.0	68996.0	69004.0	69008.0	69012.0	69014.0	69016.0	69020.0
2_2_0_1:	39605.0	39606.0	39612.0	39631.0	39650.0	39667.0	39678.0	39683.0	39686.0	39696.0	39706.0	39708.0	39712.0	39715.0	39718.0	39720.0	39726.0	39731.0	39737.0	39741.0	39749.0	39761.0	39772.0	39785.0	39792.0	39798.0	39801.0	39809.0	39813.0	39818.0	39826.0	39832.0	39835.0	39839.0	39848.0	39857.0	39867.0	39870.0	39875.0	39882.0	39888.0	39891.0	39896.0	39901.0	39906.0	39911.0	39914.0	39918.0	39921.0	39929.0	39936.0	39939.0	39943.0	39951.0	39957.0	39962.0	39966.0	39971.0	39976.0	39977.0	39978.0	39980.0	39981.0	39983.0	39987.0	40000.0	40013.0	40028.0	40032.0	40044.0	40047.0	40049.0	40054.0
10_1_2_2:	68934.0	68935.0	68954.0	68957.0	68960.0	68963.0	68964.0	68970.0	68971.0	68973.0
10_1_2_1:	25734.0	25735.0	25738.0	25741.0	25744.0
16_2_0_1:	39632.0	39633.0	39638.0	39641.0	39644.0	39649.0	39654.0	39659.0	39666.0	39673.0	39680.0	39687.0	39694.0	39703.0	39720.0	39737.0	39754.0
2_2_0_2:	82805.0	82806.0	82809.0	82813.0	82816.0	82818.0	82832.0	82840.0	82864.0	82878.0	82883.0	82885.0	82886.0	82891.0	82896.0	82900.0	82905.0	82911.0	82919.0	82923.0	82926.0	82933.0	82941.0	82944.0	82948.0	82951.0	82956.0	82961.0	82966.0	82971.0	82974.0	82980.0	82987.0	82992.0	82995.0	83005.0	83014.0	83023.0	83027.0	83030.0	83036.0	83044.0	83049.0	83053.0	83061.0	83064.0	83070.0	83077.0	83090.0	83101.0	83113.0	83121.0	83125.0	83131.0	83136.0	83142.0	83144.0	83147.0	83150.0	83154.0	83156.0	83166.0	83176.0	83179.0	83184.0	83195.0	83212.0	83231.0	83250.0
23_1_2_2:	68482.0	68483.0	68487.0	68493.0	68508.0	68519.0	68524.0	68537.0	68542.0	68589.0	68597.0	68602.0	68608.0	68611.0	68621.0	68626.0	68661.0	68670.0	68679.0	68684.0	68685.0	68686.0	68687.0	68688.0	68694.0	68717.0	68723.0	68727.0	68729.0	68732.0	68738.0	68740.0
23_1_2_1:	25282.0	25283.0	25286.0	25297.0	25320.0	25326.0	25328.0	25329.0	25334.0	25350.0	25379.0	25387.0	25397.0	25402.0	25405.0	25407.0	25411.0	25415.0	25426.0	25452.0	25473.0	25477.0	25481.0	25497.0	25499.0	25500.0	25502.0	25508.0	25513.0	25515.0	25519.0	25534.0	25540.0
28_1_1_1:	25513.0
16_2_0_2:	82832.0	82833.0	82850.0	82867.0	82872.0	82884.0	82891.0	82898.0	82905.0	82912.0	82919.0	82924.0	82929.0	82934.0	82937.0	82940.0	82945.0	82950.0
28_1_1_2:	68713.0
29_2_0_2:	82858.0	82859.0	82863.0	82867.0	82871.0	82875.0	82879.0	82883.0	82887.0	82891.0	82895.0	82899.0	82903.0	82906.0	82910.0	82912.0	82916.0	82917.0	82922.0	82926.0	82931.0	82936.0	82942.0	82947.0	82957.0	82959.0	82963.0	82967.0	82971.0	82979.0
29_2_0_1:	39658.0	39659.0	39667.0	39671.0	39675.0	39677.0	39687.0	39692.0	39698.0	39703.0	39708.0	39712.0	39717.0	39718.0	39722.0	39724.0	39728.0	39731.0	39735.0	39739.0	39743.0	39747.0	39751.0	39755.0	39759.0	39763.0	39767.0	39771.0
24_2_1_2:	83211.0	83212.0	83214.0	83216.0	83217.0	83223.0	83224.0	83226.0	83227.0	83229.0	83231.0
24_2_1_1:	40011.0	40012.0	40014.0	40015.0	40016.0
0_1_0_1:	25201.0	25202.0	25209.0	25213.0	25219.0	25230.0	25236.0	25242.0	25248.0	25254.0	25260.0	25266.0	25273.0	25279.0	25283.0	25287.0	25291.0	25296.0	25301.0	25311.0	25316.0	25321.0	25328.0	25331.0
12_2_2_2:	83591.0	83592.0	83595.0	83598.0	83600.0	83602.0	83603.0	83606.0	83609.0	83611.0	83613.0
24_1_4_1:	25320.0	25321.0
12_2_2_1:	40391.0	40392.0
0_1_0_2:	68401.0	68402.0	68409.0	68414.0	68419.0	68429.0	68434.0	68439.0	68443.0	68447.0	68451.0	68457.0	68464.0	68470.0	68476.0	68482.0	68488.0	68494.0	68500.0	68511.0	68517.0	68521.0	68528.0	68546.0
24_1_4_2:	68520.0	68521.0	68522.0	68523.0	68529.0	68530.0	68533.0	68536.0	68538.0	68540.0	68543.0	68545.0	68548.0
3_2_2_2:	82824.0	82825.0	82832.0	82846.0	82852.0	82862.0	82869.0	82873.0	82886.0	82888.0	82896.0	82903.0	82906.0	82910.0	82914.0	82919.0	82921.0	82928.0	82932.0	82937.0	82939.0	82952.0	82953.0	82961.0	82968.0	82970.0	82973.0	83014.0	83020.0	83033.0	83051.0	83052.0	83054.0	83055.0	83058.0	83067.0	83075.0	83079.0	83098.0	83100.0	83103.0	83122.0	83145.0	83159.0	83178.0	83184.0	83196.0	83202.0
3_2_2_1:	39624.0	39625.0	39637.0	39643.0	39662.0	39676.0	39699.0	39718.0	39721.0	39723.0	39742.0	39746.0	39754.0	39763.0	39766.0	39767.0	39769.0	39770.0	39788.0	39801.0	39807.0	39848.0	39851.0	39856.0	39859.0	39868.0	39880.0	39882.0	39884.0	39887.0	39891.0	39895.0	39902.0	39904.0	39909.0	39913.0	39917.0	39920.0	39927.0	39935.0	39937.0	39950.0	39954.0	39961.0	39971.0	39977.0	39991.0
25_2_3_2:	83060.0	83061.0	83068.0	83075.0	83082.0	83089.0	83093.0	83100.0	83107.0	83111.0	83118.0	83125.0	83132.0	83139.0	83148.0	83158.0	83162.0	83166.0	83170.0	83174.0	83178.0	83182.0	83186.0	83190.0	83194.0	83198.0	83202.0	83206.0	83210.0	83214.0	83218.0	83225.0	83232.0	83233.0	83237.0	83245.0	83248.0	83272.0	83282.0	83288.0	83292.0	83300.0	83312.0	83323.0	83336.0	83343.0	83349.0	83352.0	83360.0	83364.0	83369.0	83377.0	83384.0	83394.0	83404.0	83414.0	83429.0	83438.0	83447.0	83456.0	83467.0	83469.0	83482.0	83488.0	83489.0	83495.0	83497.0	83499.0	83506.0	83512.0	83516.0	83518.0	83523.0	83527.0	83530.0	83533.0	83558.0	83560.0	83574.0	83576.0	83577.0	83578.0
25_2_3_1:	39860.0	39861.0	39888.0	39894.0	39900.0	39905.0	39910.0	39916.0	39923.0	39925.0	39927.0	39933.0	39934.0	39940.0	39953.0	39955.0	39966.0	39975.0	39984.0	39993.0	40008.0	40018.0	40028.0	40038.0	40045.0	40053.0	40058.0	40062.0	40070.0	40073.0	40079.0	40086.0	40099.0	40110.0	40122.0	40130.0	40134.0	40140.0	40150.0	40174.0	40177.0	40185.0	40189.0	40190.0	40194.0	40198.0	40208.0	40214.0	40219.0	40226.0	40234.0	40240.0	40246.0	40251.0	40256.0	40261.0	40266.0	40271.0	40276.0	40281.0	40286.0	40291.0	40307.0	40314.0	40321.0	40328.0	40335.0	40342.0
7_2_0_2:	82813.0	82814.0	82822.0	82832.0	82839.0	82856.0	82865.0	82874.0	82883.0	82892.0	82901.0	82910.0	82919.0	82924.0	82928.0	82932.0	82939.0	82949.0	82954.0	82959.0	82964.0	82969.0	82972.0	82975.0	82978.0	82980.0	82985.0	82990.0	82995.0	83000.0	83004.0	83008.0	83012.0	83016.0	83021.0	83026.0	83031.0	83036.0	83041.0	83042.0	83046.0	83051.0	83056.0	83063.0	83070.0	83081.0	83089.0	83094.0	83104.0	83105.0	83107.0	83115.0	83141.0	83170.0	83194.0	83199.0	83200.0	83207.0	83214.0	83221.0	83226.0	83231.0	83236.0	83241.0	83255.0	83260.0	83274.0	83277.0	83282.0	83283.0	83285.0	83286.0	83288.0	83294.0	83299.0	83301.0	83305.0	83320.0	83326.0	83330.0	83336.0	83343.0	83364.0	83376.0	83379.0	83381.0	83390.0	83396.0	83407.0	83410.0	83414.0	83427.0	83439.0	83445.0	83451.0	83454.0	83458.0	83460.0	83470.0	83474.0	83479.0	83489.0	83506.0	83525.0	83530.0	83534.0	83553.0	83560.0	83570.0	83577.0	83583.0	83592.0	83601.0	83609.0
7_2_0_1:	39613.0	39614.0	39623.0	39632.0	39638.0	39645.0	39655.0	39662.0	39681.0	39685.0	39690.0	39709.0	39726.0	39736.0	39741.0	39745.0	39755.0	39757.0	39761.0	39764.0	39770.0	39776.0	39788.0	39801.0	39805.0	39808.0	39819.0	39825.0	39827.0	39836.0	39839.0	39851.0	39872.0	39879.0	39885.0	39889.0	39895.0	39910.0	39921.0	39922.0	39924.0	39925.0	39927.0	39934.0	39938.0	39947.0	39953.0	39955.0	39961.0	39967.0	39972.0	39986.0	39991.0	39996.0	40001.0	40006.0	40013.0	40020.0	40027.0	40028.0	40033.0	40057.0	40086.0	40112.0	40120.0	40122.0	40123.0	40133.0	40138.0	40146.0	40157.0	40164.0	40171.0	40176.0	40181.0	40185.0	40186.0	40191.0	40196.0	40201.0	40206.0	40211.0	40215.0	40219.0	40223.0	40227.0	40232.0	40237.0	40242.0	40247.0	40249.0	40252.0	40255.0	40258.0	40263.0	40268.0	40273.0	40278.0	40288.0	40295.0	40299.0	40303.0	40308.0	40317.0	40326.0	40335.0	40344.0	40353.0	40362.0	40371.0	40388.0	40395.0	40405.0
27_1_0_1:	25253.0	25254.0	25258.0	25267.0	25272.0	25282.0	25284.0	25291.0	25298.0	25300.0	25302.0	25306.0	25313.0	25314.0	25334.0	25342.0	25348.0	25361.0	25362.0	25363.0	25367.0	25371.0	25372.0	25375.0	25377.0	25380.0	25384.0	25388.0	25392.0	25396.0	25400.0	25404.0	25408.0	25409.0	25413.0	25417.0	25420.0	25424.0	25436.0	25445.0	25449.0	25455.0	25468.0	25481.0	25485.0	25489.0	25501.0	25511.0	25518.0	25528.0	25533.0	25538.0	25541.0	25546.0
12_1_4_1:	25567.0	25568.0	25580.0	25586.0	25605.0	25606.0	25619.0	25642.0	25661.0	25664.0	25666.0	25685.0	25689.0	25697.0	25706.0	25709.0	25710.0	25712.0	25713.0	25731.0	25744.0	25750.0	25791.0	25794.0	25799.0	25802.0	25811.0	25823.0	25856.0	25864.0	25879.0	25887.0	25901.0	25913.0	25920.0	25943.0	25954.0	25957.0	25960.0	25971.0	25984.0	25986.0	25992.0	25995.0	26000.0	26005.0	26015.0	26025.0	26030.0	26033.0	26038.0	26045.0	26047.0	26050.0	26057.0	26063.0	26069.0	26080.0	26089.0	26095.0	26098.0	26102.0	26107.0	26116.0	26119.0	26123.0
23_2_0_1:	39642.0	39643.0	39647.0	39653.0	39668.0	39679.0	39684.0	39697.0	39702.0	39749.0	39761.0	39767.0	39770.0	39780.0	39785.0
20_2_4_1:	40069.0	40070.0
20_2_4_2:	83269.0	83270.0	83271.0	83273.0	83276.0	83279.0	83280.0
27_1_0_2:	68453.0	68454.0	68459.0	68464.0	68467.0	68472.0	68477.0	68487.0	68494.0	68504.0	68516.0	68520.0	68524.0	68537.0	68550.0	68556.0	68560.0	68569.0	68581.0	68585.0	68588.0	68592.0	68596.0	68597.0	68601.0	68605.0	68609.0	68613.0	68617.0	68621.0	68625.0	68628.0	68630.0	68633.0	68634.0	68638.0	68643.0	68646.0	68655.0	68670.0	68674.0	68687.0	68690.0	68691.0	68698.0	68702.0	68704.0	68706.0	68713.0	68720.0	68722.0	68736.0	68742.0	68748.0	68751.0
12_1_4_2:	68767.0	68768.0	68777.0	68786.0	68795.0	68803.0	68812.0	68821.0	68828.0	68835.0	68839.0	68849.0	68856.0	68861.0	68864.0	68869.0	68879.0	68889.0	68894.0	68899.0	68902.0	68908.0	68910.0	68923.0	68934.0	68937.0	68940.0	68942.0	68953.0	68976.0	68977.0	68995.0	69003.0	69016.0	69031.0	69039.0	69072.0	69084.0	69093.0	69096.0	69101.0	69104.0	69145.0	69151.0	69164.0	69182.0	69183.0	69185.0	69186.0	69189.0	69198.0	69206.0	69210.0	69229.0	69231.0	69234.0	69253.0	69276.0	69290.0	69309.0	69315.0	69327.0	69333.0
23_2_0_2:	82842.0	82843.0	82852.0	82861.0	82862.0	82878.0	82907.0	82915.0	82929.0	82932.0	82934.0	82938.0	82942.0	82953.0	82979.0	83000.0	83004.0	83008.0	83024.0	83026.0	83027.0	83029.0	83035.0	83040.0	83042.0	83046.0	83061.0	83067.0
11_2_0_2:	82825.0	82826.0	82835.0	82852.0	82856.0	82857.0	82865.0	82873.0	82889.0	82896.0	82922.0	82939.0	82952.0	82963.0	82966.0	82976.0	82983.0	82992.0	82995.0	83002.0	83005.0	83008.0	83013.0	83018.0	83023.0	83028.0	83036.0	83039.0	83041.0	83046.0	83052.0	83062.0	83072.0	83080.0	83084.0	83092.0	83096.0	83098.0	83103.0	83114.0	83123.0	83124.0	83132.0	83137.0	83142.0	83145.0	83152.0	83158.0	83164.0	83180.0	83182.0	83190.0	83194.0	83198.0	83206.0	83218.0	83225.0	83235.0	83237.0	83246.0	83257.0	83262.0	83275.0	83280.0	83327.0	83339.0	83341.0	83342.0	83345.0	83349.0	83355.0	83357.0	83382.0	83390.0	83404.0	83405.0	83406.0	83407.0	83409.0	83421.0	83422.0	83423.0	83466.0	83469.0	83481.0	83483.0	83486.0	83487.0	83499.0	83508.0	83510.0	83519.0	83525.0
15_1_0_2:	68429.0	68430.0	68468.0	68479.0	68485.0	68489.0	68499.0	68500.0	68501.0	68502.0	68503.0	68504.0	68505.0	68509.0	68520.0	68563.0	68571.0	68589.0	68614.0	68615.0	68622.0	68655.0	68660.0	68671.0	68676.0	68685.0	68695.0	68705.0	68715.0	68725.0	68735.0	68745.0	68754.0	68763.0
11_2_0_1:	39625.0	39626.0	39628.0	39630.0	39641.0	39650.0	39662.0	39663.0	39666.0	39668.0	39680.0	39683.0	39726.0	39727.0	39728.0	39740.0	39742.0	39743.0	39744.0	39745.0	39746.0	39751.0	39755.0	39764.0	39772.0	39776.0	39783.0	39789.0	39795.0	39796.0	39804.0	39807.0	39808.0	39824.0	39850.0	39871.0	39875.0	39879.0	39895.0	39897.0	39898.0	39900.0	39906.0	39911.0	39913.0	39917.0	39926.0	39928.0	39938.0	39945.0	39957.0	39965.0	39969.0	39973.0	39981.0	39983.0	39999.0	40005.0	40011.0	40018.0	40021.0	40026.0	40031.0	40039.0	40040.0	40049.0	40060.0	40065.0	40067.0	40071.0	40079.0	40083.0	40091.0	40101.0	40111.0	40117.0	40122.0	40124.0	40127.0	40135.0	40140.0	40145.0	40150.0	40155.0	40158.0	40161.0	40168.0	40171.0	40180.0	40187.0	40197.0	40200.0	40211.0	40224.0	40241.0	40267.0	40274.0	40290.0	40298.0	40306.0	40307.0	40311.0	40328.0	40337.0	40341.0
8_1_4_2:	68486.0	68487.0	68492.0	68497.0	68502.0	68507.0	68512.0	68518.0	68524.0	68528.0	68529.0	68530.0	68531.0	68537.0	68542.0	68548.0	68554.0	68556.0	68561.0
8_1_4_1:	25286.0	25287.0	25289.0	25295.0	25301.0	25306.0	25312.0	25313.0	25314.0	25315.0	25319.0	25325.0	25331.0	25336.0	25341.0	25346.0	25351.0
15_1_0_1:	25229.0	25230.0	25240.0	25249.0	25258.0	25268.0	25278.0	25288.0	25298.0	25308.0	25318.0	25327.0	25332.0	25343.0	25348.0	25381.0	25388.0	25389.0	25414.0	25432.0	25440.0	25483.0	25485.0	25486.0	25497.0	25499.0	25500.0	25501.0	25502.0	25503.0	25504.0	25514.0	25518.0	25524.0	25535.0
10_1_1_2:	68879.0	68880.0	68881.0	68884.0	68885.0	68896.0	68919.0	68925.0	68926.0	68928.0	68929.0	68931.0	68933.0
1_1_0_1:	25202.0	25203.0	25212.0	25218.0	25229.0	25235.0	25241.0	25247.0	25253.0	25257.0	25262.0	25268.0	25274.0	25280.0	25286.0	25293.0	25298.0	25302.0	25312.0	25317.0	25322.0	25327.0	25331.0	25335.0	25339.0	25343.0	25348.0	25352.0	25363.0
10_1_1_1:	25679.0	25680.0	25682.0	25683.0	25684.0	25690.0	25713.0	25719.0	25725.0
1_1_0_2:	68402.0	68403.0	68413.0	68415.0	68419.0	68424.0	68428.0	68432.0	68436.0	68440.0	68445.0	68450.0	68455.0	68465.0	68469.0	68474.0	68481.0	68487.0	68493.0	68499.0	68505.0	68510.0	68514.0	68520.0	68526.0	68532.0	68538.0	68549.0	68555.0	68564.0	68573.0
28_1_2_2:	68724.0	68725.0	68727.0	68731.0	68737.0	68743.0	68749.0	68755.0	68761.0	68766.0	68771.0	68773.0	68774.0	68781.0	68787.0
28_1_2_1:	25524.0	25525.0
24_2_2_2:	83225.0	83226.0	83228.0	83231.0	83232.0	83233.0	83234.0	83245.0	83268.0	83269.0	83271.0	83278.0
24_2_2_1:	40025.0	40026.0
14_1_0_1:	25228.0	25229.0	25235.0	25241.0	25244.0	25248.0	25252.0	25255.0	25260.0	25270.0	25280.0	25285.0	25290.0	25294.0	25303.0	25309.0	25315.0	25321.0	25325.0	25329.0	25336.0	25341.0	25346.0	25352.0	25358.0	25367.0	25373.0	25378.0	25381.0	25384.0	25388.0	25390.0	25393.0	25400.0	25405.0	25420.0	25422.0	25431.0	25434.0	25437.0	25443.0	25449.0	25454.0	25456.0	25458.0	25461.0	25463.0	25467.0	25468.0	25475.0	25477.0	25478.0	25480.0	25504.0	25517.0	25518.0	25519.0	25520.0
14_1_0_2:	68428.0	68429.0	68431.0	68433.0	68434.0	68436.0	68438.0	68442.0	68443.0	68456.0	68480.0	68482.0	68483.0	68485.0	68492.0	68493.0	68497.0	68499.0	68502.0	68504.0	68506.0	68511.0	68517.0	68523.0	68526.0	68529.0	68538.0	68540.0	68555.0	68560.0	68567.0	68570.0	68572.0	68576.0	68579.0	68582.0	68587.0	68593.0	68602.0	68608.0	68614.0	68619.0	68624.0	68631.0	68635.0	68639.0	68645.0	68651.0	68657.0	68666.0	68670.0	68675.0	68680.0	68690.0	68700.0	68705.0	68708.0	68712.0	68716.0	68719.0	68725.0
12_2_1_1:	40484.0	40485.0	40487.0	40499.0
24_1_3_2:	68576.0	68577.0	68580.0	68583.0	68588.0	68593.0	68598.0	68603.0
24_1_3_1:	25376.0	25377.0
12_2_1_2:	83684.0	83685.0	83692.0	83706.0	83708.0	83709.0	83710.0	83716.0	83721.0	83726.0	83731.0	83734.0	83738.0	83745.0
17_2_0_2:	82833.0	82834.0	82842.0	82861.0	82867.0	82872.0	82885.0	82887.0	82894.0	82904.0	82921.0	82934.0	82939.0	82944.0	82948.0	82956.0	82957.0	82960.0	82963.0	82972.0	82987.0	82992.0	82995.0	83000.0	83001.0	83005.0	83014.0	83025.0	83028.0	83037.0	83039.0	83044.0	83049.0	83059.0	83068.0	83070.0	83074.0	83084.0	83087.0	83092.0	83100.0	83105.0	83106.0
17_2_0_1:	39633.0	39634.0	39635.0	39637.0	39638.0	39644.0	39655.0	39658.0	39668.0	39672.0	39674.0	39683.0	39693.0	39698.0	39703.0	39705.0	39714.0	39717.0	39728.0	39737.0	39741.0	39742.0	39747.0	39750.0	39755.0	39770.0	39779.0	39782.0	39785.0	39786.0	39794.0	39798.0	39803.0	39808.0	39821.0	39838.0	39848.0	39855.0	39857.0	39870.0	39875.0	39881.0	39900.0
22_2_0_2:	82841.0	82842.0	82847.0	82851.0	82856.0	82859.0	82864.0	82867.0	82873.0	82878.0	82883.0	82890.0	82892.0	82902.0	82911.0	82915.0	82919.0	82920.0	82924.0	82932.0	82935.0	82959.0	82965.0	82967.0	82969.0	82978.0	82980.0	82983.0	82994.0	82999.0	83002.0	83006.0	83013.0	83030.0	83037.0	83044.0	83049.0	83059.0	83066.0	83073.0	83086.0	83095.0	83102.0	83119.0	83127.0
22_2_0_1:	39641.0	39642.0	39651.0	39660.0	39668.0	39676.0	39684.0	39697.0	39710.0	39717.0	39724.0	39734.0	39739.0	39746.0	39753.0	39770.0	39777.0	39781.0	39784.0	39789.0	39800.0	39803.0	39805.0	39814.0	39816.0	39818.0	39824.0	39848.0	39851.0	39859.0	39863.0	39864.0	39868.0	39872.0	39881.0	39891.0	39893.0	39900.0	39905.0	39910.0	39916.0	39919.0	39924.0	39928.0	39936.0
25_2_2_2:	83052.0
12_1_3_1:	25535.0	25536.0	25542.0	25543.0	25546.0	25549.0	25552.0
25_2_2_1:	39852.0
20_2_3_2:	83249.0
12_1_3_2:	68735.0	68736.0	68755.0	68758.0	68761.0	68764.0	68765.0	68771.0	68774.0
10_2_0_1:	39622.0	39623.0	39628.0	39637.0	39650.0	39663.0	39668.0	39673.0	39678.0	39683.0	39688.0	39698.0	39708.0	39717.0	39722.0	39727.0	39732.0	39737.0	39742.0	39747.0	39757.0	39767.0	39771.0	39775.0	39777.0	39779.0	39782.0	39783.0	39787.0	39791.0	39797.0	39802.0	39809.0	39817.0	39832.0	39834.0	39847.0	39848.0	39856.0	39863.0	39865.0	39868.0	39909.0	39915.0	39928.0	39946.0	39947.0	39949.0	39950.0	39953.0	39962.0	39970.0	39974.0	39993.0	39995.0	39998.0	40017.0	40040.0	40054.0	40073.0	40079.0	40091.0	40097.0	40098.0	40117.0	40120.0	40123.0	40126.0
23_2_1_2:	83050.0	83051.0	83052.0	83053.0	83055.0	83056.0	83061.0	83077.0	83106.0	83114.0	83128.0	83129.0	83142.0	83177.0	83186.0
23_2_1_1:	39850.0	39851.0	39856.0	39857.0	39858.0
20_2_3_1:	40049.0
13_2_2_1:	39889.0	39890.0	39892.0	39893.0	39895.0	39902.0	39903.0	39907.0	39909.0	39912.0	39914.0	39916.0	39924.0	39932.0	39940.0
10_2_0_2:	82822.0	82823.0	82824.0	82827.0	82830.0	82833.0	82852.0	82853.0	82859.0	82871.0	82877.0	82896.0	82910.0	82933.0	82952.0	82955.0	82957.0	82976.0	82980.0	82988.0	82997.0	83000.0	83001.0	83003.0	83004.0	83022.0	83035.0	83041.0	83082.0	83085.0	83090.0	83091.0	83094.0	83097.0	83104.0	83109.0	83115.0	83126.0	83139.0	83147.0	83154.0	83159.0	83165.0	83169.0	83173.0	83174.0	83177.0	83179.0	83181.0	83185.0	83189.0	83199.0	83209.0	83214.0	83219.0	83224.0	83229.0	83234.0	83239.0	83248.0	83258.0	83268.0	83273.0	83278.0	83283.0	83288.0	83293.0	83306.0	83319.0	83328.0
13_2_2_2:	83089.0	83090.0	83098.0	83106.0	83114.0	83124.0	83125.0	83126.0	83137.0	83161.0
28_2_0_1:	39656.0	39657.0	39664.0	39671.0	39678.0	39683.0	39696.0	39698.0	39705.0	39710.0	39715.0	39720.0	39728.0	39739.0	39746.0	39747.0	39755.0	39758.0	39768.0	39779.0	39781.0	39789.0	39794.0	39800.0	39806.0	39812.0	39818.0	39819.0	39821.0	39828.0	39833.0	39848.0	39850.0	39859.0	39862.0	39865.0	39871.0	39877.0	39882.0	39884.0	39886.0	39889.0	39891.0	39895.0	39896.0	39903.0	39905.0	39906.0	39908.0	39932.0	39945.0	39946.0	39947.0	39948.0	39951.0	39953.0	39960.0	39977.0	39985.0	39987.0	39990.0	39991.0
28_2_0_2:	82856.0	82857.0	82858.0	82861.0	82863.0	82873.0	82896.0	82898.0	82900.0	82904.0	82905.0	82918.0	82942.0	82944.0	82945.0	82947.0	82954.0	82955.0	82959.0	82961.0	82964.0	82966.0	82968.0	82973.0	82979.0	82985.0	82988.0	82991.0	83000.0	83002.0	83017.0	83022.0	83029.0	83031.0	83032.0	83038.0	83044.0	83050.0	83056.0	83061.0	83069.0	83071.0	83082.0	83092.0	83095.0	83103.0	83104.0	83111.0	83122.0	83130.0	83135.0	83140.0	83145.0	83152.0	83154.0	83167.0	83172.0	83179.0	83186.0	83193.0	83200.0
9_2_0_1:	39619.0	39620.0	39636.0	39656.0	39661.0	39669.0	39681.0	39711.0	39716.0	39781.0	39808.0	39817.0	39826.0	39841.0	39847.0	39859.0	39865.0	39870.0	39874.0	39881.0	39924.0	39926.0	39927.0	39938.0	39940.0	39941.0	39942.0	39943.0	39944.0	39945.0	39955.0	39959.0	39965.0	39987.0	40019.0	40050.0	40061.0	40158.0	40170.0	40175.0	40180.0	40185.0	40190.0	40195.0	40200.0	40205.0	40214.0	40220.0	40234.0	40251.0	40254.0	40260.0	40269.0	40273.0	40281.0	40284.0	40294.0	40298.0	40301.0	40305.0	40314.0	40319.0	40327.0	40331.0	40335.0	40339.0	40343.0	40347.0	40351.0	40356.0	40362.0	40367.0	40369.0	40375.0	40381.0	40386.0	40389.0	40394.0	40397.0	40402.0	40405.0	40411.0	40416.0	40421.0	40428.0	40430.0	40440.0	40449.0	40450.0	40451.0	40461.0	40467.0	40472.0	40479.0	40481.0	40494.0	40504.0	40512.0	40528.0	40545.0	40555.0	40561.0	40574.0	40580.0	40585.0	40590.0	40593.0	40596.0	40600.0	40606.0	40611.0	40613.0	40617.0	40620.0	40623.0	40628.0
13_1_0_1:	25227.0	25228.0	25241.0	25247.0	25253.0	25263.0	25264.0	25265.0	25276.0	25300.0	25313.0	25314.0	25315.0	25316.0	25317.0	25319.0	25320.0	25325.0	25341.0	25370.0	25378.0	25392.0	25395.0	25397.0	25401.0	25405.0	25416.0	25442.0	25463.0	25467.0	25471.0	25483.0	25488.0	25495.0	25499.0	25505.0	25509.0	25515.0	25517.0	25519.0	25524.0	25540.0	25547.0
10_1_0_2:	68422.0	68423.0	68425.0	68427.0	68429.0	68438.0	68446.0	68475.0	68483.0	68493.0	68505.0	68506.0	68517.0	68542.0	68550.0	68564.0	68565.0	68566.0	68567.0	68569.0	68581.0	68582.0	68583.0	68626.0	68629.0	68641.0	68643.0	68646.0	68647.0	68659.0	68668.0	68670.0	68679.0	68685.0	68695.0	68705.0	68708.0	68730.0	68735.0	68737.0	68741.0	68745.0	68749.0	68757.0	68760.0	68765.0	68770.0	68778.0	68787.0	68796.0	68804.0	68815.0	68827.0	68840.0	68848.0	68856.0	68861.0	68866.0
13_1_0_2:	68427.0	68428.0	68442.0	68449.0	68464.0	68478.0	68495.0	68500.0	68547.0	68559.0	68565.0	68568.0	68578.0	68583.0	68618.0	68628.0	68641.0	68642.0	68643.0	68649.0	68657.0	68658.0	68682.0	68684.0	68685.0	68687.0	68694.0	68695.0	68699.0	68701.0	68704.0	68706.0	68708.0	68716.0	68724.0	68732.0
10_1_0_1:	25222.0	25223.0	25228.0	25236.0	25244.0	25257.0	25269.0	25280.0	25288.0	25297.0	25306.0	25314.0	25319.0	25324.0	25327.0	25335.0	25339.0	25343.0	25347.0	25349.0	25354.0	25376.0	25379.0	25389.0	25399.0	25405.0	25414.0	25416.0	25425.0	25437.0	25438.0	25441.0	25446.0	25452.0	25456.0	25459.0	25502.0	25503.0	25504.0	25516.0	25518.0	25519.0	25520.0	25521.0	25535.0	25543.0	25568.0	25579.0	25580.0	25582.0	25591.0	25593.0	25606.0	25641.0	25651.0
6_2_0_2:	82811.0	82812.0	82814.0	82816.0	82820.0	82824.0	82832.0	82834.0	82841.0	82848.0	82855.0	82859.0	82863.0	82870.0	82877.0	82882.0	82885.0	82890.0	82902.0	82915.0	82918.0	82922.0	82925.0	82932.0	82949.0	82956.0	82959.0	82968.0	82977.0	82981.0	82986.0	82990.0	82995.0	83000.0	83008.0	83020.0	83050.0	83068.0	83073.0	83133.0	83136.0	83139.0	83144.0	83146.0	83153.0	83160.0	83165.0	83170.0	83175.0	83180.0	83194.0	83199.0	83213.0	83216.0	83221.0	83222.0	83224.0	83225.0	83227.0	83233.0	83238.0	83240.0	83244.0	83259.0	83265.0	83269.0	83275.0	83282.0	83303.0	83315.0	83318.0	83320.0	83329.0	83335.0	83346.0	83349.0	83353.0	83366.0	83378.0	83384.0	83390.0	83393.0	83397.0	83399.0	83403.0	83407.0	83411.0	83416.0	83434.0
6_2_0_1:	39611.0	39612.0	39614.0	39618.0	39628.0	39633.0	39638.0	39642.0	39650.0	39651.0	39654.0	39657.0	39666.0	39681.0	39686.0	39689.0	39694.0	39695.0	39699.0	39708.0	39719.0	39722.0	39731.0	39733.0	39738.0	39743.0	39753.0	39762.0	39764.0	39768.0	39778.0	39781.0	39786.0	39794.0	39799.0	39800.0	39801.0	39802.0	39807.0	39808.0	39812.0	39818.0	39820.0	39845.0	39853.0	39867.0	39868.0	39869.0	39870.0	39872.0	39884.0	39885.0	39886.0	39929.0	39932.0	39944.0	39946.0	39949.0	39950.0	39962.0	39971.0	39982.0	39984.0	39986.0	39991.0	40024.0	40029.0	40040.0	40045.0	40054.0	40064.0	40074.0	40084.0	40094.0	40104.0	40114.0	40124.0	40134.0	40144.0	40154.0	40164.0	40174.0	40184.0	40188.0	40192.0	40194.0	40196.0	40204.0	40208.0	40212.0	40214.0	40216.0	40220.0
8_1_1_2:	68447.0
8_1_1_1:	25247.0
24_2_3_2:	83267.0	83268.0	83269.0	83272.0	83273.0	83274.0	83284.0	83286.0	83291.0	83294.0	83302.0	83304.0
24_2_3_1:	40067.0	40068.0	40071.0
9_2_0_2:	82819.0	82820.0	82833.0	82839.0	82844.0	82847.0	82849.0	82854.0	82859.0	82866.0	82873.0	82877.0	82880.0	82887.0	82894.0	82899.0	82904.0	82909.0	82914.0	82919.0	82924.0	82929.0	82934.0	82939.0	82945.0	82951.0	82959.0	82966.0	82971.0	82977.0	82987.0	82988.0	82989.0	82998.0	83008.0	83010.0	83017.0	83022.0	83027.0	83033.0	83036.0	83041.0	83044.0	83049.0	83052.0	83057.0	83063.0	83069.0	83071.0	83076.0	83082.0	83087.0	83091.0	83095.0	83099.0	83103.0	83107.0	83111.0	83119.0	83124.0	83133.0	83137.0	83140.0	83144.0	83154.0	83157.0	83165.0	83169.0	83178.0	83184.0	83187.0	83204.0	83218.0	83224.0	83233.0	83238.0	83243.0	83248.0	83253.0	83258.0	83263.0	83268.0	83280.0	83375.0	83381.0	83422.0	83454.0	83476.0	83482.0	83486.0	83490.0	83497.0	83498.0	83499.0	83500.0	83501.0	83503.0	83514.0	83515.0	83517.0	83560.0	83567.0	83571.0	83576.0	83582.0	83594.0	83600.0	83615.0	83624.0	83633.0	83660.0	83725.0	83730.0	83760.0	83772.0	83780.0	83787.0	83800.0	83816.0
26_1_0_2:	68452.0	68453.0	68464.0	68475.0	68481.0	68485.0	68498.0	68523.0	68534.0	68535.0	68537.0	68546.0	68548.0	68549.0	68555.0	68566.0	68583.0	68586.0	68594.0	68603.0	68609.0	68612.0	68618.0	68621.0	68624.0	68631.0	68636.0	68643.0	68650.0	68656.0	68663.0	68670.0	68677.0
26_1_0_1:	25252.0	25253.0	25257.0	25264.0	25271.0	25278.0	25284.0	25291.0	25298.0	25303.0	25310.0	25313.0	25316.0	25326.0	25335.0	25346.0	25354.0	25360.0	25364.0	25367.0	25370.0	25375.0	25383.0	25388.0	25389.0	25390.0	25391.0	25396.0	25400.0	25405.0	25407.0	25409.0	25434.0	25447.0	25451.0	25457.0	25468.0	25479.0	25485.0
14_1_1_1:	25540.0	25541.0
14_1_1_2:	68740.0	68741.0	68743.0	68746.0	68747.0	68748.0	68750.0	68760.0	68783.0	68784.0	68786.0	68793.0
12_2_0_2:	82826.0	82827.0	82834.0	82836.0	82840.0	82859.0	82860.0	82873.0	82896.0	82915.0	82918.0	82920.0	82939.0	82943.0	82951.0	82960.0	82963.0	82964.0	82966.0	82967.0	82985.0	82998.0	83004.0	83045.0	83048.0	83053.0	83056.0	83065.0	83077.0	83110.0	83118.0	83133.0	83141.0	83155.0	83167.0	83174.0	83197.0	83208.0	83211.0	83214.0	83225.0	83238.0	83240.0	83246.0	83249.0	83254.0	83259.0	83269.0	83279.0	83284.0	83287.0	83292.0	83299.0	83301.0	83304.0	83311.0	83317.0	83323.0	83334.0	83343.0	83349.0	83352.0	83356.0	83361.0	83370.0	83373.0	83377.0
5_1_1_2:	68733.0	68734.0	68737.0	68741.0	68745.0	68755.0
12_2_0_1:	39626.0	39627.0	39636.0	39645.0	39654.0	39662.0	39671.0	39680.0	39687.0	39694.0	39698.0	39708.0	39715.0	39720.0	39723.0	39728.0	39738.0	39748.0	39753.0	39758.0	39761.0	39767.0	39769.0	39782.0	39793.0	39796.0	39799.0	39801.0	39812.0	39835.0	39836.0	39854.0	39862.0	39871.0	39898.0	39903.0	39929.0	39931.0	39944.0	39945.0	39953.0	39960.0	39965.0	39968.0	39974.0	39977.0	39979.0	39993.0	40001.0	40025.0	40039.0	40044.0	40046.0	40047.0	40050.0	40059.0	40067.0	40071.0	40080.0	40091.0	40113.0	40123.0	40138.0
5_1_1_1:	25533.0	25534.0	25538.0	25542.0
12_1_2_1:	25490.0	25491.0	25514.0	25520.0
4_1_0_2:	68408.0	68409.0	68412.0	68455.0	68463.0	68500.0	68503.0	68511.0	68523.0	68534.0	68542.0	68546.0	68558.0	68568.0	68575.0	68588.0	68592.0	68600.0	68607.0	68615.0	68627.0	68637.0	68641.0	68644.0	68649.0	68660.0	68663.0	68665.0	68674.0	68676.0	68678.0	68684.0	68694.0	68700.0	68704.0	68712.0	68724.0	68735.0	68748.0	68755.0	68761.0	68764.0	68772.0	68776.0	68781.0	68789.0	68796.0	68806.0	68809.0	68817.0	68821.0	68830.0	68836.0	68839.0	68856.0	68870.0	68876.0	68885.0	68890.0	68895.0	68900.0	68905.0	68910.0	68915.0	68920.0	68932.0	69027.0	69033.0	69074.0	69106.0	69128.0	69134.0	69138.0	69142.0	69149.0	69150.0	69151.0	69152.0	69153.0	69154.0	69155.0
12_1_2_2:	68690.0	68691.0	68701.0	68724.0	68730.0	68731.0
15_2_0_1:	39629.0	39630.0	39668.0	39679.0	39685.0	39689.0	39699.0	39700.0	39701.0	39702.0	39703.0	39704.0	39705.0	39709.0	39720.0	39763.0	39771.0	39789.0	39814.0	39815.0	39822.0	39855.0	39860.0	39871.0	39876.0	39885.0	39895.0	39905.0	39915.0	39925.0	39935.0	39945.0	39954.0	39963.0
4_1_0_1:	25208.0	25209.0	25210.0	25211.0	25212.0	25213.0	25214.0	25215.0	25225.0	25229.0	25235.0	25257.0	25289.0	25320.0	25331.0	25428.0	25440.0	25445.0	25450.0	25455.0	25460.0	25465.0	25470.0	25475.0	25484.0	25490.0	25504.0	25521.0	25524.0	25530.0	25539.0	25543.0	25551.0	25554.0	25564.0	25571.0	25579.0	25584.0	25588.0	25596.0	25599.0	25605.0	25612.0	25625.0	25636.0	25648.0	25656.0	25660.0	25666.0	25676.0	25682.0	25684.0	25686.0	25695.0	25697.0	25700.0	25711.0	25716.0	25719.0	25723.0	25733.0	25745.0	25753.0	25760.0	25768.0	25772.0	25785.0	25792.0	25802.0	25814.0	25818.0	25826.0	25837.0	25849.0	25857.0	25860.0	25897.0	25905.0	25948.0
15_2_0_2:	82829.0	82830.0	82840.0	82849.0	82858.0	82868.0	82878.0	82888.0	82898.0	82908.0	82918.0	82927.0	82932.0	82943.0	82948.0	82981.0	82988.0	82989.0	83014.0	83032.0	83040.0	83083.0	83094.0	83098.0	83099.0	83100.0	83101.0	83102.0	83103.0	83104.0	83114.0	83118.0	83124.0	83135.0
23_2_2_1:	39859.0	39860.0	39883.0	39889.0	39895.0
20_2_2_1:	39999.0	40000.0	40023.0	40029.0	40035.0
13_2_1_1:	39852.0	39853.0	39859.0
20_2_2_2:	83199.0	83200.0	83201.0	83204.0	83206.0	83216.0	83239.0	83245.0	83246.0
13_2_1_2:	83052.0	83053.0	83054.0	83067.0	83070.0	83072.0	83076.0	83077.0
23_2_2_2:	83059.0	83060.0	83061.0	83062.0	83065.0	83076.0	83099.0	83105.0	83106.0
7_1_0_2:	68413.0	68414.0	68425.0	68433.0	68441.0	68449.0	68457.0	68465.0	68470.0	68487.0	68499.0	68504.0	68512.0	68523.0	68530.0	68537.0	68540.0	68547.0	68551.0	68552.0	68555.0	68558.0	68567.0	68582.0	68587.0	68590.0	68595.0	68596.0	68600.0	68609.0	68644.0	68658.0	68663.0	68667.0	68679.0	68686.0	68693.0	68700.0	68707.0	68714.0	68721.0	68734.0	68738.0	68742.0	68745.0	68750.0	68758.0	68761.0	68768.0	68772.0	68777.0	68782.0	68796.0	68801.0	68806.0	68811.0	68816.0	68823.0	68830.0	68837.0	68838.0	68843.0	68867.0	68896.0	68922.0	68930.0	68932.0	68933.0	68943.0	68948.0	68956.0	68967.0	68974.0	68981.0	68986.0	68991.0	68995.0	68996.0	69001.0	69006.0	69011.0	69016.0	69021.0	69025.0	69029.0	69033.0	69037.0	69042.0	69047.0	69052.0	69057.0	69059.0	69062.0	69065.0	69068.0	69073.0	69078.0	69083.0	69088.0	69098.0	69105.0	69109.0	69113.0	69118.0	69127.0	69136.0	69145.0	69154.0	69163.0	69172.0	69181.0	69198.0	69205.0	69215.0
7_1_0_1:	25213.0	25214.0	25222.0	25232.0	25239.0	25256.0	25265.0	25274.0	25283.0	25292.0	25301.0	25310.0	25319.0	25324.0	25328.0	25332.0	25339.0	25349.0	25354.0	25359.0	25364.0	25369.0	25372.0	25375.0	25378.0	25380.0	25385.0	25390.0	25395.0	25400.0	25404.0	25408.0	25412.0	25416.0	25421.0	25426.0	25431.0	25436.0	25441.0	25442.0	25446.0	25451.0	25456.0	25463.0	25470.0	25481.0	25489.0	25494.0	25504.0	25505.0	25507.0	25515.0	25541.0	25570.0	25594.0	25599.0	25600.0	25607.0	25614.0	25621.0	25626.0	25631.0	25636.0	25641.0	25655.0	25660.0	25674.0	25677.0	25682.0	25683.0	25685.0	25686.0	25688.0	25694.0	25699.0	25701.0	25705.0	25720.0	25726.0	25730.0	25736.0	25743.0	25764.0	25776.0	25779.0	25781.0	25790.0	25796.0	25807.0	25810.0	25814.0	25827.0	25839.0	25845.0	25851.0	25854.0	25858.0	25860.0	25870.0	25874.0	25879.0	25889.0	25896.0	25913.0	25920.0	25927.0	25934.0	25953.0	25960.0	25966.0	25976.0	25983.0	25992.0	26001.0	26009.0
8_1_2_2:	68448.0
28_1_0_1:	25256.0	25257.0	25270.0	25276.0	25283.0	25285.0	25290.0	25297.0	25312.0	25316.0	25320.0	25324.0	25328.0	25336.0	25341.0	25350.0	25354.0	25357.0	25361.0	25371.0	25381.0	25391.0	25406.0	25415.0	25424.0	25433.0	25444.0	25446.0	25459.0	25465.0	25466.0	25472.0	25474.0	25476.0	25483.0	25489.0
28_1_0_2:	68456.0	68457.0	68458.0	68464.0	68471.0	68473.0	68475.0	68481.0	68482.0	68488.0	68501.0	68503.0	68514.0	68523.0	68532.0	68541.0	68556.0	68566.0	68576.0	68586.0	68590.0	68593.0	68597.0	68606.0	68611.0	68619.0	68623.0	68627.0	68631.0	68635.0	68650.0	68657.0	68662.0	68664.0	68671.0	68684.0	68688.0
11_1_0_1:	25225.0	25226.0	25235.0	25252.0	25256.0	25257.0	25265.0	25273.0	25289.0	25296.0	25322.0	25339.0	25352.0	25363.0	25366.0	25376.0	25383.0	25392.0	25395.0	25402.0	25405.0	25408.0	25413.0	25418.0	25423.0	25428.0	25436.0	25439.0	25441.0	25446.0	25452.0	25462.0	25472.0	25480.0	25484.0	25492.0	25496.0	25498.0	25503.0	25514.0	25523.0	25524.0	25532.0	25537.0	25542.0	25545.0	25552.0	25558.0	25564.0	25580.0	25582.0	25590.0	25594.0	25598.0	25606.0	25618.0	25625.0	25635.0	25637.0	25646.0	25657.0	25662.0	25675.0	25680.0	25727.0	25739.0	25741.0	25742.0	25745.0	25749.0	25755.0	25757.0	25782.0	25790.0	25804.0	25805.0	25806.0	25807.0	25809.0	25821.0	25822.0	25823.0	25866.0	25869.0	25881.0	25883.0	25886.0	25887.0	25899.0	25908.0	25910.0	25919.0	25925.0
11_1_0_2:	68425.0	68426.0	68428.0	68430.0	68441.0	68450.0	68462.0	68463.0	68466.0	68468.0	68480.0	68483.0	68526.0	68527.0	68528.0	68540.0	68542.0	68543.0	68544.0	68545.0	68546.0	68551.0	68555.0	68564.0	68572.0	68576.0	68583.0	68589.0	68595.0	68596.0	68604.0	68607.0	68608.0	68624.0	68650.0	68671.0	68675.0	68679.0	68695.0	68697.0	68698.0	68700.0	68706.0	68711.0	68713.0	68717.0	68726.0	68728.0	68738.0	68745.0	68757.0	68765.0	68769.0	68773.0	68781.0	68783.0	68799.0	68805.0	68811.0	68818.0	68821.0	68826.0	68831.0	68839.0	68840.0	68849.0	68860.0	68865.0	68867.0	68871.0	68879.0	68883.0	68891.0	68901.0	68911.0	68917.0	68922.0	68924.0	68927.0	68935.0	68940.0	68945.0	68950.0	68955.0	68958.0	68961.0	68968.0	68971.0	68980.0	68987.0	68997.0	69000.0	69011.0	69024.0	69041.0	69067.0	69074.0	69090.0	69098.0	69106.0	69107.0	69111.0	69128.0	69137.0	69141.0
8_1_2_1:	25248.0
24_2_4_2:	83270.0	83271.0	83276.0	83281.0	83286.0	83290.0	83293.0	83296.0	83300.0	83301.0	83302.0	83303.0	83305.0
24_2_4_1:	40070.0	40071.0	40074.0	40077.0	40079.0	40082.0	40087.0
14_2_0_2:	82828.0	82829.0	82831.0	82832.0	82855.0	82861.0	82867.0	82870.0	82872.0	82878.0	82879.0	82882.0	82885.0	82886.0	82900.0	82902.0	82903.0	82905.0	82907.0	82913.0	82924.0	82927.0	82959.0	82971.0	82985.0	82993.0	83006.0	83008.0	83010.0	83016.0	83026.0	83030.0	83035.0	83042.0	83051.0	83055.0	83056.0	83058.0	83060.0	83064.0	83077.0	83081.0	83090.0	83091.0	83097.0	83138.0	83141.0	83146.0	83147.0	83148.0	83151.0	83155.0	83162.0	83167.0	83173.0	83184.0	83197.0	83205.0	83212.0	83217.0	83223.0	83227.0	83231.0	83232.0	83235.0	83237.0	83239.0	83243.0	83247.0	83257.0	83267.0	83272.0	83277.0	83282.0	83287.0	83292.0	83297.0	83306.0	83316.0	83326.0	83331.0	83335.0	83339.0	83343.0	83347.0	83352.0	83357.0	83362.0	83367.0	83377.0	83384.0	83391.0	83398.0	83405.0	83412.0	83419.0	83426.0	83433.0	83440.0
14_2_0_1:	39628.0	39629.0	39636.0	39643.0	39650.0	39657.0	39664.0	39671.0	39678.0	39685.0	39692.0	39699.0	39709.0	39714.0	39719.0	39724.0	39729.0	39733.0	39737.0	39741.0	39745.0	39750.0	39760.0	39770.0	39779.0	39784.0	39789.0	39794.0	39799.0	39804.0	39809.0	39819.0	39829.0	39833.0	39837.0	39839.0	39841.0	39844.0	39845.0	39849.0	39853.0	39859.0	39864.0	39871.0	39879.0	39894.0	39896.0	39898.0	39910.0	39919.0	39922.0	39927.0	39930.0	39971.0	39977.0	39990.0	40008.0	40009.0	40011.0	40012.0	40015.0	40024.0	40032.0	40036.0	40055.0	40057.0	40060.0	40078.0	40088.0	40103.0	40129.0	40136.0	40138.0	40152.0	40154.0	40166.0	40171.0	40178.0	40182.0	40184.0	40186.0	40189.0	40190.0	40195.0	40200.0	40203.0	40214.0	40237.0
14_1_2_1:	25582.0	25583.0	25586.0
14_1_2_2:	68782.0	68783.0	68784.0	68785.0	68786.0	68787.0	68792.0	68794.0	68798.0	68801.0	68811.0	68813.0	68818.0	68821.0	68829.0	68831.0
29_1_0_1:	25258.0	25259.0	25263.0	25267.0	25271.0	25275.0	25279.0	25283.0	25287.0	25291.0	25295.0	25299.0	25303.0	25306.0	25310.0	25312.0	25316.0	25317.0	25322.0	25326.0	25331.0	25336.0	25342.0	25347.0	25357.0	25359.0	25363.0	25367.0	25371.0	25379.0
24_1_5_2:	68539.0	68540.0	68548.0	68563.0	68574.0	68585.0	68594.0	68595.0	68603.0	68608.0	68613.0	68616.0	68623.0	68629.0	68635.0	68651.0	68653.0	68661.0	68665.0	68669.0	68677.0	68689.0	68696.0	68706.0	68708.0	68717.0	68728.0	68733.0	68746.0	68751.0	68798.0	68810.0	68816.0	68819.0	68829.0	68834.0	68869.0	68878.0	68887.0	68892.0	68893.0	68894.0	68895.0	68896.0	68902.0	68925.0	68931.0	68935.0	68937.0	68940.0	68941.0
24_1_5_1:	25339.0	25340.0	25351.0	25374.0	25380.0	25382.0	25383.0	25388.0	25404.0	25433.0	25441.0	25455.0	25458.0	25460.0	25464.0	25468.0	25479.0	25505.0	25526.0	25530.0	25534.0	25550.0	25552.0	25553.0	25555.0	25561.0	25566.0	25568.0	25572.0	25581.0	25583.0	25593.0	25600.0	25612.0	25620.0	25624.0	25628.0	25636.0	25638.0	25654.0	25660.0	25666.0	25673.0	25676.0	25681.0	25686.0	25694.0	25695.0	25704.0	25715.0	25726.0	25741.0	25749.0	25752.0
29_1_0_2:	68458.0	68459.0	68467.0	68471.0	68475.0	68477.0	68487.0	68492.0	68498.0	68503.0	68508.0	68512.0	68517.0	68518.0	68522.0	68524.0	68528.0	68531.0	68535.0	68539.0	68543.0	68547.0	68551.0	68555.0	68559.0	68563.0	68567.0	68571.0
8_2_0_2:	82815.0	82816.0	82825.0	82831.0	82837.0	82843.0	82844.0	82848.0	82852.0	82858.0	82860.0	82864.0	82869.0	82874.0	82876.0	82881.0	82883.0	82889.0	82895.0	82900.0	82906.0	82907.0	82908.0	82909.0	82913.0	82919.0	82925.0	82930.0	82935.0	82940.0	82945.0	82950.0	82955.0	82960.0	82964.0	82967.0	82972.0	82973.0	82979.0	82984.0	82990.0	82993.0	82997.0	83003.0	83005.0	83010.0	83016.0	83022.0	83028.0	83036.0	83039.0	83045.0	83058.0	83069.0	83082.0	83090.0	83092.0	83100.0	83102.0	83109.0	83113.0	83136.0	83149.0	83162.0	83174.0	83188.0	83197.0	83206.0	83207.0
8_2_0_1:	39615.0	39616.0	39625.0	39634.0	39648.0	39660.0	39673.0	39686.0	39703.0	39727.0	39749.0	39757.0	39766.0	39771.0	39781.0	39786.0	39791.0	39796.0	39800.0	39804.0	39808.0	39812.0	39817.0	39821.0	39823.0	39827.0	39830.0	39838.0	39860.0	39865.0	39870.0	39875.0	39877.0	39879.0	39898.0	39921.0	39937.0	39944.0	39950.0	39956.0	39961.0	39966.0	39971.0	39977.0	39981.0	39988.0	40000.0
5_1_0_2:	68409.0	68410.0	68412.0	68422.0	68429.0	68433.0	68452.0	68466.0	68489.0	68508.0	68511.0	68513.0	68532.0	68536.0	68544.0	68553.0	68556.0	68557.0	68559.0	68560.0	68578.0	68591.0	68597.0	68638.0	68641.0	68646.0	68647.0	68648.0	68651.0	68655.0	68662.0	68667.0	68673.0	68684.0	68697.0	68705.0	68712.0	68729.0	68746.0	68761.0
5_1_0_1:	25209.0	25210.0	25227.0	25244.0	25251.0	25259.0	25274.0	25276.0	25289.0	25290.0	25298.0	25305.0	25307.0	25310.0	25351.0	25357.0	25370.0	25388.0	25389.0	25391.0	25392.0	25395.0	25404.0	25412.0	25416.0	25435.0	25437.0	25440.0	25458.0	25468.0	25483.0	25509.0	25520.0
12_1_1_2:	68684.0	68685.0	68686.0	68687.0	68689.0	68690.0	68695.0	68711.0	68740.0	68748.0	68762.0	68763.0	68776.0	68811.0	68820.0
20_1_3_1:	25373.0	25374.0	25376.0	25378.0	25379.0	25381.0	25383.0	25392.0	25400.0	25429.0	25437.0	25451.0	25454.0	25456.0	25460.0	25464.0	25475.0	25501.0	25522.0	25527.0	25535.0	25538.0	25545.0	25549.0	25554.0	25559.0	25573.0	25578.0	25583.0	25588.0	25593.0	25600.0	25607.0	25614.0	25615.0	25620.0	25644.0	25656.0	25663.0	25668.0	25672.0	25687.0	25692.0	25697.0	25702.0	25715.0	25728.0	25733.0
20_1_3_2:	68573.0	68574.0	68581.0	68594.0	68599.0	68604.0	68609.0	68624.0	68628.0	68633.0	68640.0	68652.0	68676.0	68681.0	68682.0	68689.0	68696.0	68703.0	68708.0	68713.0	68718.0	68723.0	68737.0	68742.0	68756.0	68773.0	68778.0	68825.0	68837.0	68843.0	68845.0	68846.0	68848.0	68861.0	68896.0	68905.0	68914.0	68919.0	68920.0	68921.0	68922.0	68923.0	68929.0	68930.0	68932.0	68934.0	68936.0
13_2_0_1:	39627.0	39628.0	39635.0	39640.0	39642.0	39644.0	39650.0	39654.0	39660.0	39664.0	39671.0	39673.0	39674.0	39676.0	39677.0	39681.0	39694.0	39699.0	39746.0	39758.0	39764.0	39767.0	39777.0	39782.0	39817.0	39827.0
20_2_1_2:	83191.0	83192.0	83193.0	83194.0	83196.0	83197.0	83202.0	83218.0	83247.0	83255.0	83265.0	83270.0	83271.0	83284.0	83319.0	83328.0
13_2_0_2:	82827.0	82828.0	82830.0	82832.0	82834.0	82843.0	82851.0	82880.0	82888.0	82902.0	82905.0	82907.0	82911.0	82915.0	82926.0	82952.0	82973.0	82977.0	82981.0	82993.0	82998.0	83005.0	83009.0	83015.0	83019.0	83025.0	83027.0	83029.0	83034.0	83050.0	83057.0
23_2_3_2:	83108.0
23_2_3_1:	39908.0
20_2_1_1:	39991.0	39992.0	39997.0	39998.0	39999.0
12_1_1_1:	25484.0	25485.0	25490.0	25491.0	25492.0
28_2_3_2:	83242.0	83243.0	83248.0	83253.0	83259.0	83262.0	83287.0	83289.0	83303.0	83305.0	83306.0	83307.0
25_1_1_2:	68949.0	68950.0	68952.0	68953.0	68976.0	68982.0	68988.0	68991.0	68993.0	68997.0	69000.0	69003.0	69006.0	69025.0	69026.0	69032.0	69037.0	69042.0	69047.0	69050.0	69054.0	69061.0
25_1_1_1:	25749.0	25750.0	25752.0	25753.0	25759.0	25760.0	25779.0	25782.0	25785.0	25788.0	25789.0	25795.0	25798.0	25800.0	25810.0	25833.0
26_2_0_1:	39652.0	39653.0	39664.0	39675.0	39681.0	39685.0	39696.0	39697.0	39705.0	39709.0	39716.0	39722.0	39728.0	39729.0	39731.0	39737.0	39738.0	39743.0	39744.0	39746.0	39748.0	39749.0	39752.0	39758.0	39769.0	39786.0	39789.0	39797.0	39806.0	39812.0	39815.0	39821.0	39824.0	39827.0	39834.0	39839.0	39846.0	39853.0	39859.0	39866.0	39873.0	39880.0
26_2_0_2:	82852.0	82853.0	82857.0	82864.0	82871.0	82878.0	82884.0	82891.0	82898.0	82903.0	82910.0	82913.0	82916.0	82926.0	82935.0	82946.0	82954.0	82960.0	82964.0	82967.0	82970.0	82975.0	82983.0	82988.0	82989.0	82990.0	82991.0	82996.0	82997.0	83001.0	83007.0	83009.0	83034.0	83047.0	83051.0	83057.0	83068.0	83079.0	83085.0
3_1_0_1:	25206.0	25207.0	25214.0	25228.0	25234.0	25244.0	25251.0	25255.0	25268.0	25270.0	25278.0	25285.0	25288.0	25292.0	25296.0	25301.0	25303.0	25310.0	25314.0	25319.0	25321.0	25334.0	25335.0	25343.0	25350.0	25355.0	25358.0	25364.0	25367.0	25369.0	25383.0	25391.0	25415.0	25429.0	25434.0	25436.0	25437.0	25440.0	25449.0	25457.0	25461.0	25470.0	25481.0	25483.0	25486.0	25505.0	25528.0	25542.0	25561.0	25567.0	25579.0	25585.0	25586.0	25587.0	25588.0	25592.0
3_1_0_2:	68406.0	68407.0	68408.0	68410.0	68411.0	68413.0	68414.0	68415.0	68421.0	68433.0	68439.0	68458.0	68459.0	68472.0	68495.0	68514.0	68517.0	68519.0	68538.0	68542.0	68550.0	68559.0	68562.0	68563.0	68565.0	68566.0	68584.0	68597.0	68603.0	68644.0	68647.0	68652.0	68655.0	68664.0	68676.0	68678.0	68680.0	68683.0	68687.0	68691.0	68698.0	68700.0	68705.0	68709.0	68713.0	68716.0	68723.0	68731.0	68733.0	68746.0	68750.0	68757.0	68767.0	68773.0	68787.0
24_2_5_2:	83280.0
24_2_5_1:	40080.0
19_2_0_2:	82835.0	82836.0	82851.0	82863.0	82960.0	82972.0	82977.0	82982.0	82987.0	82992.0	82997.0	83002.0	83007.0	83016.0	83022.0	83036.0	83053.0	83056.0	83062.0	83071.0	83075.0	83083.0	83086.0	83096.0	83103.0	83111.0	83116.0	83120.0	83128.0	83131.0	83137.0	83144.0	83157.0	83168.0	83180.0	83188.0
19_2_0_1:	39635.0	39636.0	39641.0	39649.0	39661.0	39672.0	39685.0	39692.0	39698.0	39701.0	39709.0	39713.0	39718.0	39726.0	39733.0	39743.0	39746.0	39754.0	39758.0	39767.0	39773.0	39776.0	39793.0	39807.0	39813.0	39822.0	39827.0	39832.0	39837.0	39842.0	39847.0	39852.0	39857.0	39869.0
14_2_1_1:	40240.0
14_2_1_2:	83440.0
24_1_0_2:	68457.0
14_1_3_1:	25601.0	25602.0
14_1_3_2:	68801.0	68802.0	68803.0	68805.0	68808.0	68811.0	68812.0
19_2_1_2:	83164.0	83165.0	83175.0	83185.0	83191.0	83200.0	83202.0	83211.0	83223.0	83224.0	83227.0	83229.0	83241.0	83244.0	83287.0	83288.0	83289.0	83301.0	83303.0	83304.0	83305.0	83306.0	83313.0	83317.0	83321.0	83327.0	83349.0	83381.0	83422.0
24_1_0_1:	25257.0
9_1_1_2:	68975.0	68976.0	68992.0	69012.0	69017.0	69025.0	69037.0	69067.0	69072.0	69137.0	69164.0	69173.0	69182.0	69197.0	69203.0	69215.0	69221.0	69226.0	69230.0	69237.0	69280.0	69282.0	69283.0	69294.0	69296.0	69297.0	69298.0	69299.0	69300.0	69307.0	69311.0	69315.0	69321.0	69343.0	69375.0	69416.0
9_1_1_1:	25775.0	25776.0	25808.0	25830.0	25836.0	25840.0	25844.0	25851.0	25852.0	25853.0	25854.0	25855.0	25857.0	25868.0	25869.0	25871.0	25914.0	25921.0	25925.0	25930.0	25936.0	25948.0	25954.0	25969.0	25978.0	25987.0	26014.0	26079.0	26084.0	26114.0	26126.0	26134.0	26141.0	26154.0	26170.0
28_1_5_1:	25640.0
28_1_5_2:	68840.0
20_1_2_1:	25351.0	25352.0
20_1_2_2:	68551.0	68552.0	68554.0	68555.0	68578.0	68583.0
20_2_0_1:	39638.0	39639.0	39646.0	39659.0	39664.0	39669.0	39674.0	39689.0	39693.0	39698.0	39705.0	39717.0	39741.0	39746.0	39747.0	39754.0	39761.0	39768.0	39773.0	39778.0	39783.0	39788.0	39802.0	39807.0	39821.0	39838.0	39843.0	39890.0	39902.0	39908.0	39911.0	39921.0	39926.0
23_2_4_1:	39925.0	39926.0
20_2_0_2:	82838.0	82839.0	82848.0	82857.0	82858.0	82874.0	82903.0	82911.0	82925.0	82928.0	82930.0	82934.0	82938.0	82949.0	82975.0	82996.0	83001.0	83009.0	83012.0	83019.0	83023.0	83028.0	83033.0	83047.0	83052.0	83057.0	83062.0	83067.0	83074.0	83081.0	83088.0	83089.0	83094.0	83118.0	83130.0	83137.0	83142.0	83146.0	83161.0	83166.0	83171.0	83176.0	83189.0	83202.0	83207.0
12_1_0_2:	68426.0	68427.0	68436.0	68445.0	68446.0	68462.0	68491.0	68499.0	68509.0	68514.0	68515.0	68517.0	68523.0	68534.0	68537.0	68547.0	68551.0	68553.0	68562.0	68572.0	68577.0	68582.0	68584.0	68593.0	68596.0	68607.0	68616.0	68621.0	68640.0	68648.0	68652.0	68660.0	68672.0	68682.0	68690.0	68697.0	68704.0
12_1_0_1:	25226.0	25227.0	25234.0	25242.0	25252.0	25264.0	25272.0	25276.0	25284.0	25303.0	25308.0	25317.0	25328.0	25331.0	25340.0	25342.0	25347.0	25352.0	25362.0	25371.0	25373.0	25377.0	25387.0	25390.0	25395.0	25403.0	25412.0	25417.0
23_2_4_2:	83125.0	83126.0	83127.0	83129.0	83132.0	83135.0	83136.0
5_2_1_2:	82819.0	82820.0	82837.0	82854.0	82861.0	82869.0	82884.0	82886.0	82888.0	82900.0	82909.0	82912.0	82917.0	82920.0	82961.0	82967.0	82980.0	82998.0	82999.0	83001.0	83002.0	83005.0	83014.0	83022.0	83026.0	83045.0	83047.0	83050.0	83069.0	83092.0	83106.0	83125.0	83131.0	83143.0	83144.0	83146.0	83150.0
5_2_1_1:	39619.0	39620.0	39652.0	39664.0	39678.0	39686.0	39699.0	39701.0	39703.0	39709.0	39719.0	39723.0	39728.0	39735.0	39744.0	39748.0	39749.0	39751.0	39753.0	39757.0	39770.0	39774.0	39783.0	39798.0	39802.0	39815.0	39817.0	39822.0	39826.0	39829.0	39836.0	39837.0	39843.0	39846.0	39850.0	39857.0	39862.0	39868.0	39879.0	39892.0	39900.0	39907.0	39924.0	39941.0	39956.0
28_2_3_1:	40042.0	40043.0	40070.0	40076.0	40082.0	40087.0
21_2_0_1:	39639.0	39640.0	39657.0	39662.0	39667.0	39672.0	39677.0	39687.0	39690.0	39693.0	39703.0	39716.0	39729.0	39741.0	39753.0	39758.0	39763.0	39766.0	39773.0	39780.0	39787.0	39794.0	39801.0	39808.0	39815.0	39831.0	39838.0	39845.0	39852.0
28_2_4_1:	40103.0	40104.0	40111.0	40113.0	40115.0	40121.0	40122.0	40128.0	40141.0	40143.0	40154.0	40163.0	40172.0	40181.0	40196.0	40206.0	40216.0	40226.0	40230.0	40233.0	40237.0	40246.0	40251.0	40259.0	40263.0	40267.0	40271.0	40275.0	40290.0	40297.0	40302.0	40304.0	40311.0	40324.0	40328.0
28_2_4_2:	83303.0	83304.0	83317.0	83323.0	83330.0	83332.0	83337.0	83344.0	83359.0	83363.0	83367.0	83371.0	83375.0	83383.0	83388.0	83397.0	83401.0	83404.0	83408.0	83418.0	83428.0	83438.0	83453.0	83462.0	83471.0	83480.0	83491.0	83493.0	83506.0	83512.0	83513.0	83519.0	83521.0	83523.0	83530.0	83536.0
18_2_0_2:	82834.0	82835.0	82843.0	82844.0	82854.0	82860.0	82869.0	82878.0	82887.0	82895.0	82904.0	82906.0	82913.0	82918.0	82922.0
18_2_0_1:	39634.0	39635.0	39644.0	39653.0	39662.0	39671.0	39680.0	39683.0	39695.0	39701.0	39711.0	39712.0
21_2_0_2:	82839.0	82840.0	82849.0	82856.0	82863.0	82870.0	82886.0	82893.0	82900.0	82907.0	82914.0	82921.0	82928.0	82935.0	82938.0	82943.0	82948.0	82960.0	82972.0	82985.0	82998.0	83008.0	83011.0	83014.0	83024.0	83037.0	83044.0	83051.0	83058.0
4_2_0_1:	39608.0	39609.0	39612.0	39655.0	39663.0	39700.0	39703.0	39711.0	39723.0	39734.0	39742.0	39746.0	39758.0	39768.0	39775.0	39788.0	39792.0	39800.0	39807.0	39815.0	39827.0	39837.0	39841.0	39844.0	39849.0	39860.0	39863.0	39865.0	39874.0	39876.0	39878.0	39884.0	39894.0	39900.0	39904.0	39912.0	39924.0	39935.0	39948.0	39955.0	39961.0	39964.0	39972.0	39976.0	39981.0	39989.0	39996.0	40006.0	40009.0	40017.0	40021.0	40030.0	40036.0	40039.0	40056.0	40070.0	40076.0	40085.0	40090.0	40095.0	40100.0	40105.0	40110.0	40115.0	40120.0	40132.0
25_1_0_2:	68448.0	68449.0	68451.0	68455.0	68461.0	68467.0	68473.0	68479.0	68485.0	68490.0	68495.0	68497.0	68498.0	68505.0	68511.0	68514.0	68518.0	68523.0	68525.0	68529.0	68535.0	68542.0	68544.0	68546.0	68552.0	68553.0	68559.0	68572.0	68574.0	68585.0	68594.0	68603.0	68612.0	68627.0	68637.0	68647.0	68657.0	68664.0	68672.0	68677.0	68681.0	68689.0	68692.0	68698.0	68705.0	68718.0	68729.0	68741.0	68749.0	68753.0	68759.0	68769.0	68793.0	68796.0	68804.0	68808.0	68809.0	68813.0	68817.0	68827.0	68833.0	68838.0	68845.0	68853.0	68859.0	68865.0	68870.0	68875.0	68880.0	68885.0	68890.0	68895.0	68900.0	68905.0	68910.0	68926.0	68933.0	68940.0	68947.0	68954.0	68961.0
25_1_0_1:	25248.0	25249.0	25256.0	25263.0	25270.0	25277.0	25281.0	25288.0	25295.0	25299.0	25306.0	25313.0	25320.0	25327.0	25336.0	25346.0	25350.0	25354.0	25358.0	25362.0	25366.0	25370.0	25374.0	25378.0	25382.0	25386.0	25390.0	25394.0	25398.0	25402.0	25406.0	25413.0	25420.0	25421.0	25425.0	25433.0	25436.0	25460.0	25470.0	25476.0	25480.0	25488.0	25500.0	25511.0	25524.0	25531.0	25537.0	25540.0	25548.0	25552.0	25557.0	25565.0	25572.0	25582.0	25592.0	25602.0	25617.0	25626.0	25635.0	25644.0	25655.0	25657.0	25670.0	25676.0	25677.0	25683.0	25685.0	25687.0	25694.0	25700.0	25704.0	25706.0	25711.0	25715.0	25718.0	25721.0
4_2_0_2:	82808.0	82809.0	82824.0	82836.0	82933.0	82945.0	82950.0	82955.0	82960.0	82965.0	82970.0	82975.0	82980.0	82989.0	82995.0	83009.0	83026.0	83029.0	83035.0	83044.0	83048.0	83056.0	83059.0	83069.0	83076.0	83084.0	83089.0	83093.0	83101.0	83104.0	83110.0	83117.0	83130.0	83141.0	83153.0	83161.0	83165.0	83171.0	83181.0	83187.0	83189.0	83191.0	83200.0	83202.0	83205.0	83216.0	83221.0	83224.0	83228.0	83238.0	83250.0	83258.0	83265.0	83273.0	83277.0	83290.0	83297.0	83307.0	83319.0	83323.0	83331.0	83342.0	83354.0	83362.0	83365.0	83402.0	83410.0	83453.0
24_2_6_2:	83294.0	83295.0	83301.0	83307.0	83312.0	83317.0	83322.0	83328.0
24_2_6_1:	40094.0	40095.0	40100.0	40106.0	40111.0	40117.0
8_1_0_2:	68415.0	68416.0	68422.0	68428.0	68434.0	68443.0	68454.0
8_1_0_1:	25215.0	25216.0	25225.0	25231.0	25237.0
19_2_1_1:	39964.0	39965.0	39997.0	40019.0	40025.0	40029.0	40033.0	40040.0	40041.0	40042.0	40043.0	40045.0	40057.0	40058.0	40059.0	40102.0	40105.0	40109.0	40115.0	40120.0	40123.0	40124.0	40136.0	40145.0	40147.0	40156.0	40162.0	40172.0
14_2_2_2:	83446.0	83447.0	83453.0	83459.0	83462.0	83466.0	83470.0	83473.0	83478.0	83488.0	83498.0	83503.0	83508.0	83512.0	83521.0	83527.0	83533.0	83539.0	83543.0	83547.0	83554.0	83559.0	83564.0	83570.0	83576.0	83585.0	83591.0	83596.0	83599.0	83602.0	83606.0	83608.0	83611.0	83618.0	83623.0	83638.0	83640.0	83649.0	83652.0	83655.0	83661.0	83667.0	83672.0	83674.0	83676.0	83679.0	83681.0	83685.0	83686.0	83693.0	83695.0	83696.0	83698.0	83722.0	83735.0
14_2_2_1:	40246.0	40247.0	40271.0	40273.0	40274.0	40276.0	40283.0	40284.0	40288.0	40290.0	40293.0	40295.0	40297.0	40302.0	40308.0	40314.0	40317.0	40320.0	40329.0	40331.0	40346.0	40351.0	40358.0	40361.0	40363.0	40367.0	40370.0	40373.0	40378.0	40384.0	40393.0	40399.0	40405.0	40410.0	40415.0	40422.0	40426.0	40430.0	40436.0	40442.0	40448.0	40457.0	40461.0	40466.0	40471.0	40481.0	40491.0	40496.0	40499.0	40503.0	40507.0	40510.0	40516.0
14_1_4_1:	25588.0	25589.0	25591.0	25592.0	25594.0	25595.0	25596.0	25602.0	25614.0	25620.0	25639.0	25640.0	25653.0	25676.0	25695.0	25698.0	25700.0	25719.0	25723.0	25731.0	25740.0	25743.0	25744.0	25746.0	25747.0	25765.0	25778.0	25784.0	25825.0	25828.0	25833.0	25836.0	25845.0	25857.0	25859.0	25861.0	25864.0	25877.0	25886.0	25894.0	25901.0	25906.0	25912.0	25916.0	25920.0	25921.0	25924.0	25926.0	25928.0	25932.0	25936.0	25946.0	25956.0	25961.0	25966.0	25971.0	25976.0	25981.0	25986.0	25995.0	26005.0	26015.0	26020.0	26024.0	26028.0	26032.0	26036.0	26041.0	26046.0	26051.0	26056.0	26066.0	26073.0	26080.0	26087.0	26094.0	26101.0	26108.0	26115.0	26122.0	26129.0
14_1_4_2:	68788.0	68789.0	68796.0	68803.0	68810.0	68817.0	68824.0	68831.0	68838.0	68845.0	68852.0	68859.0	68869.0	68874.0	68879.0	68884.0	68889.0	68893.0	68897.0	68901.0	68905.0	68910.0	68920.0	68930.0	68939.0	68944.0	68949.0	68954.0	68959.0	68964.0	68969.0	68979.0	68989.0	68993.0	68997.0	68999.0	69001.0	69004.0	69005.0	69009.0	69013.0	69019.0	69024.0	69031.0	69039.0	69054.0	69056.0	69058.0	69070.0	69079.0	69082.0	69087.0	69090.0	69131.0	69137.0	69150.0	69168.0	69169.0	69171.0	69172.0	69175.0	69184.0	69192.0	69196.0	69215.0	69217.0	69220.0	69239.0	69262.0	69276.0	69295.0	69301.0	69313.0	69319.0	69320.0	69339.0	69342.0	69343.0	69346.0	69347.0
12_2_5_1:	40299.0	40300.0	40302.0	40304.0	40305.0	40307.0	40309.0	40318.0	40326.0	40355.0	40363.0	40377.0	40378.0	40380.0	40386.0	40397.0	40400.0	40410.0	40414.0	40416.0	40425.0	40435.0	40440.0	40445.0	40447.0	40456.0	40459.0	40470.0	40479.0	40484.0	40503.0	40511.0	40515.0	40523.0	40535.0	40545.0	40553.0	40560.0	40567.0
12_2_5_2:	83499.0	83500.0	83507.0	83515.0	83525.0	83537.0	83545.0	83549.0	83557.0	83576.0	83581.0	83590.0	83601.0	83604.0	83613.0	83615.0	83620.0	83625.0	83635.0	83644.0	83646.0	83650.0	83660.0	83663.0	83668.0	83676.0	83685.0	83690.0	83725.0	83734.0	83743.0	83748.0	83749.0	83750.0	83751.0	83752.0	83758.0	83759.0	83761.0	83763.0	83765.0
9_1_0_1:	25219.0	25220.0	25233.0	25239.0	25244.0	25247.0	25249.0	25254.0	25259.0	25266.0	25273.0	25277.0	25280.0	25287.0	25294.0	25299.0	25304.0	25309.0	25314.0	25319.0	25324.0	25329.0	25334.0	25339.0	25345.0	25351.0	25359.0	25366.0	25371.0	25377.0	25387.0	25388.0	25389.0	25398.0	25408.0	25410.0	25417.0	25422.0	25427.0	25433.0	25436.0	25441.0	25444.0	25449.0	25452.0	25457.0	25463.0	25469.0	25471.0	25476.0	25482.0	25487.0	25491.0	25495.0	25499.0	25503.0	25507.0	25511.0	25519.0	25524.0	25533.0	25537.0	25540.0	25544.0	25554.0	25557.0	25565.0	25569.0	25578.0	25584.0	25587.0	25604.0	25618.0	25624.0	25633.0	25638.0	25643.0	25648.0	25653.0	25658.0	25663.0	25668.0	25680.0
28_1_6_2:	68847.0	68848.0	68855.0	68862.0	68869.0	68874.0	68887.0	68889.0	68896.0	68901.0	68906.0	68911.0	68919.0	68930.0	68937.0	68938.0	68946.0	68949.0	68959.0	68970.0	68972.0	68980.0	68985.0	68991.0	68997.0	69003.0	69009.0	69010.0	69012.0	69019.0	69024.0	69039.0	69041.0	69050.0	69053.0	69056.0	69062.0	69068.0	69073.0	69075.0	69077.0	69080.0	69082.0	69086.0	69087.0	69094.0	69096.0	69097.0	69099.0	69123.0	69136.0
9_1_0_2:	68419.0	68420.0	68435.0	68447.0	68544.0	68556.0	68561.0	68566.0	68571.0	68576.0	68581.0	68586.0	68591.0	68600.0	68606.0	68620.0	68637.0	68640.0	68646.0	68655.0	68659.0	68667.0	68670.0	68680.0	68684.0	68687.0	68691.0	68700.0	68705.0	68713.0	68717.0	68721.0	68725.0	68729.0	68733.0	68737.0	68742.0	68748.0	68753.0	68755.0	68761.0	68767.0	68772.0	68775.0	68780.0	68783.0	68788.0	68791.0	68797.0	68802.0	68807.0	68814.0	68816.0	68826.0	68835.0	68836.0	68837.0	68847.0	68853.0	68858.0	68865.0	68867.0	68880.0	68890.0	68898.0	68914.0	68931.0	68941.0	68947.0	68960.0	68966.0	68971.0	68976.0	68979.0	68982.0	68986.0	68992.0	68997.0	68999.0	69003.0	69006.0	69009.0	69014.0
20_2_7_2:	83316.0	83317.0	83325.0	83333.0
28_1_6_1:	25647.0	25648.0	25672.0	25674.0	25675.0	25677.0	25684.0	25685.0	25689.0	25691.0	25694.0	25696.0	25698.0	25703.0	25709.0	25715.0	25718.0	25721.0	25730.0	25732.0	25747.0	25752.0	25759.0	25761.0	25762.0	25768.0	25774.0	25780.0	25786.0	25791.0	25799.0	25801.0	25812.0	25822.0	25825.0	25833.0	25834.0	25841.0	25852.0	25860.0	25865.0	25870.0	25875.0	25882.0	25884.0	25897.0	25902.0	25909.0	25916.0	25923.0	25930.0
20_1_1_1:	25251.0	25252.0	25256.0	25259.0
2_1_0_1:	25205.0	25206.0	25209.0	25213.0	25216.0	25218.0	25232.0	25240.0	25264.0	25278.0	25283.0	25285.0	25286.0	25291.0	25296.0	25300.0	25305.0	25311.0	25319.0	25323.0	25326.0	25333.0	25341.0	25344.0	25348.0	25351.0	25356.0	25361.0	25366.0	25371.0	25374.0	25380.0	25387.0	25392.0	25395.0	25405.0	25414.0	25423.0	25427.0	25430.0	25436.0	25444.0	25449.0	25453.0	25461.0	25464.0	25470.0	25477.0	25490.0	25501.0	25513.0	25521.0	25525.0	25531.0	25536.0	25542.0	25544.0	25547.0	25550.0	25554.0	25556.0	25566.0	25576.0	25579.0	25584.0	25595.0	25604.0	25612.0	25625.0	25638.0	25651.0
20_2_7_1:	40116.0	40117.0
20_1_1_2:	68451.0	68452.0	68454.0	68459.0	68465.0	68469.0	68471.0	68474.0	68475.0	68476.0	68477.0	68480.0	68482.0	68484.0
5_2_0_1:	39619.0	39620.0	39623.0	39628.0	39632.0
2_1_0_2:	68405.0	68406.0	68412.0	68425.0	68438.0	68451.0	68459.0	68468.0	68479.0	68484.0	68487.0	68497.0	68507.0	68509.0	68513.0	68516.0	68519.0	68521.0	68527.0	68532.0	68538.0	68542.0	68550.0	68562.0	68573.0	68586.0	68593.0	68599.0	68602.0	68610.0	68614.0	68619.0	68627.0	68633.0	68636.0	68640.0	68649.0	68658.0	68668.0	68671.0	68676.0	68683.0	68689.0	68692.0	68697.0	68702.0	68707.0	68712.0	68715.0	68719.0	68722.0	68730.0	68737.0	68740.0	68744.0	68752.0	68758.0	68763.0	68767.0	68772.0	68777.0	68778.0	68779.0	68781.0	68782.0	68784.0	68788.0	68801.0	68805.0	68814.0	68829.0	68833.0	68845.0	68848.0	68850.0	68855.0
23_2_5_2:	83114.0	83115.0	83116.0	83118.0	83119.0	83138.0	83141.0	83142.0	83145.0	83146.0
23_2_5_1:	39914.0	39915.0
5_2_0_2:	82819.0	82820.0	82825.0	82829.0	82834.0	82837.0	82842.0
4_2_1_2:	83427.0	83428.0	83429.0	83430.0	83431.0	83432.0	83433.0	83440.0	83444.0	83448.0	83454.0	83476.0	83508.0	83549.0
25_1_3_2:	69059.0	69060.0	69071.0	69082.0	69086.0	69094.0	69103.0	69111.0	69112.0	69123.0	69124.0	69135.0	69159.0	69172.0
25_1_3_1:	25859.0	25860.0	25879.0	25883.0	25895.0	25896.0	25907.0	25910.0	25917.0	25920.0	25921.0	25927.0	25934.0	25937.0	25943.0	25947.0	25960.0
23_1_0_2:	68442.0
8_1_5_2:	68556.0	68557.0	68562.0	68565.0	68569.0	68574.0
23_1_0_1:	25242.0
8_1_5_1:	25356.0	25357.0	25361.0	25364.0
4_2_1_1:	40227.0	40228.0	40260.0	40282.0	40288.0	40292.0	40296.0	40303.0	40304.0	40305.0	40306.0	40307.0	40308.0	40309.0
28_1_3_1:	25538.0	25539.0	25541.0	25542.0	25548.0	25549.0	25568.0	25571.0	25574.0	25577.0	25578.0	25580.0	25582.0	25586.0	25589.0
28_1_3_2:	68738.0	68739.0	68741.0	68746.0	68752.0	68758.0	68761.0	68763.0	68767.0	68770.0	68773.0	68776.0	68795.0	68796.0	68802.0	68807.0	68812.0	68817.0	68820.0	68824.0	68831.0
16_1_0_1:	25232.0	25233.0	25250.0	25267.0	25272.0	25284.0	25291.0	25298.0	25305.0	25312.0	25319.0	25324.0	25329.0	25334.0	25337.0	25340.0	25345.0	25350.0
16_1_0_2:	68432.0	68433.0	68438.0	68441.0	68444.0	68449.0	68454.0	68459.0	68466.0	68473.0	68480.0	68487.0	68494.0	68506.0	68511.0	68528.0	68537.0	68554.0
24_1_2_1:	25264.0	25265.0
27_2_0_1:	39653.0	39654.0	39659.0	39664.0	39667.0	39672.0	39677.0	39687.0	39694.0	39704.0	39716.0	39720.0	39724.0	39737.0	39750.0	39756.0	39760.0	39769.0	39781.0	39785.0	39788.0	39792.0	39796.0	39797.0	39801.0	39805.0	39809.0	39813.0	39817.0	39821.0	39825.0	39828.0	39830.0	39833.0	39834.0	39838.0	39843.0	39846.0	39855.0	39870.0	39874.0	39887.0	39890.0	39891.0	39898.0	39902.0	39904.0	39906.0	39913.0	39920.0	39922.0	39936.0	39942.0	39948.0	39951.0
12_2_4_1:	40254.0	40255.0
24_1_2_2:	68464.0	68465.0	68470.0	68475.0
12_2_4_2:	83454.0	83455.0	83457.0	83458.0	83481.0	83486.0
27_2_0_2:	82853.0	82854.0	82858.0	82867.0	82872.0	82882.0	82884.0	82891.0	82898.0	82900.0	82902.0	82906.0	82913.0	82914.0	82934.0	82942.0	82948.0	82961.0	82962.0	82963.0	82967.0	82971.0	82972.0	82975.0	82977.0	82980.0	82984.0	82988.0	82992.0	82996.0	83000.0	83004.0	83008.0	83009.0	83013.0	83017.0	83020.0	83024.0	83036.0	83045.0	83049.0	83055.0	83068.0	83081.0	83085.0	83089.0	83101.0	83111.0	83118.0	83128.0	83133.0	83138.0	83141.0	83146.0
19_1_0_2:	68435.0	68436.0	68441.0	68449.0	68461.0	68472.0	68485.0	68492.0	68498.0	68501.0	68509.0	68513.0	68518.0	68526.0	68533.0	68543.0	68546.0	68554.0	68558.0	68567.0	68573.0	68576.0	68593.0	68607.0	68613.0	68622.0	68627.0	68632.0	68637.0	68642.0	68647.0	68652.0	68657.0	68669.0	68764.0	68770.0	68811.0	68843.0	68865.0	68871.0	68875.0	68879.0	68886.0	68887.0	68888.0	68889.0	68891.0	68903.0	68904.0	68905.0	68948.0	68951.0	68963.0	68965.0	68968.0	68969.0	68981.0	68990.0	68992.0	69001.0	69007.0	69017.0
19_1_0_1:	25235.0	25236.0	25246.0	25256.0	25260.0	25262.0	25264.0	25265.0	25290.0	25308.0	25316.0	25359.0	25361.0	25362.0	25373.0	25375.0	25376.0	25377.0	25378.0	25379.0	25380.0	25390.0	25394.0	25400.0	25422.0	25454.0	25485.0	25496.0	25593.0	25605.0	25610.0	25615.0	25620.0	25625.0	25630.0	25635.0	25640.0	25649.0	25655.0	25669.0	25686.0	25689.0	25695.0	25704.0	25708.0	25716.0	25719.0	25729.0	25736.0	25744.0	25749.0	25753.0	25761.0	25764.0	25770.0	25777.0	25790.0	25801.0	25813.0	25821.0
3_2_0_2:	82806.0	82807.0	82810.0	82814.0
3_2_0_1:	39606.0	39607.0	39608.0
0_2_0_1:	39601.0	39602.0	39609.0	39614.0	39619.0	39629.0	39634.0	39639.0	39643.0	39647.0	39651.0	39657.0	39664.0	39670.0	39676.0	39682.0	39688.0	39694.0	39700.0	39711.0	39717.0	39721.0	39728.0	39746.0
20_1_0_1:	25251.0	25252.0	25260.0	25268.0	25276.0	25285.0	25288.0	25293.0	25299.0	25304.0	25309.0	25312.0	25314.0	25315.0	25321.0	25322.0	25341.0	25344.0	25347.0	25350.0
0_2_0_2:	82801.0	82802.0	82809.0	82813.0	82819.0	82830.0	82836.0	82842.0	82848.0	82854.0	82860.0	82866.0	82873.0	82879.0	82883.0	82887.0	82891.0	82896.0	82901.0	82911.0	82916.0	82921.0	82928.0	82931.0
20_2_6_1:	40215.0
20_1_0_2:	68451.0	68452.0	68453.0	68456.0	68459.0	68462.0	68481.0	68482.0	68484.0	68490.0	68492.0	68495.0	68500.0	68505.0	68511.0	68516.0	68519.0	68528.0	68536.0	68544.0	68552.0	68560.0
20_2_6_2:	83415.0
25_2_1_2:	83024.0	83025.0	83044.0	83047.0	83050.0	83053.0	83054.0	83060.0	83061.0	83063.0
25_2_1_1:	39824.0	39825.0	39828.0	39831.0	39834.0
10_2_1_2:	83332.0	83333.0	83338.0	83346.0	83354.0	83367.0	83379.0	83390.0	83398.0	83407.0	83416.0	83424.0	83429.0	83434.0	83437.0	83445.0	83449.0	83453.0	83457.0	83459.0	83464.0	83486.0	83489.0	83499.0	83509.0	83513.0	83515.0	83517.0	83518.0	83543.0	83561.0	83569.0	83612.0	83623.0	83627.0	83628.0	83629.0	83630.0	83631.0	83632.0	83646.0	83654.0	83679.0	83690.0	83691.0	83693.0	83702.0	83704.0	83717.0	83752.0	83762.0	83775.0	83776.0	83777.0	83779.0	83780.0	83781.0	83784.0	83786.0	83788.0	83811.0	83817.0	83821.0	83823.0	83826.0	83832.0	83834.0
10_2_1_1:	40132.0	40133.0	40136.0	40147.0	40170.0	40176.0	40178.0	40179.0	40184.0	40200.0	40229.0	40237.0	40247.0	40259.0	40260.0	40261.0	40262.0	40267.0	40269.0	40271.0	40296.0	40304.0	40318.0	40319.0	40320.0	40321.0	40323.0	40335.0	40336.0	40337.0	40380.0	40383.0	40395.0	40397.0	40400.0	40401.0	40413.0	40422.0	40424.0	40433.0	40439.0	40449.0	40459.0	40462.0	40484.0	40489.0	40491.0	40495.0	40499.0	40503.0	40511.0	40514.0	40519.0	40524.0	40532.0	40541.0	40550.0	40558.0	40569.0	40581.0	40594.0	40602.0	40610.0	40615.0	40620.0
28_2_1_1:	40009.0	40010.0	40013.0	40016.0	40019.0
28_2_1_2:	83209.0	83210.0	83229.0	83232.0	83235.0	83238.0	83239.0	83245.0	83246.0	83248.0
8_1_6_2:	68575.0	68576.0	68585.0	68594.0	68608.0	68620.0	68633.0	68646.0	68669.0	68673.0	68680.0	68682.0	68690.0	68692.0	68700.0	68713.0	68724.0	68737.0	68743.0	68746.0	68754.0	68760.0	68766.0	68772.0	68777.0	68779.0	68785.0	68789.0	68792.0	68798.0	68803.0	68809.0
23_1_1_1:	25247.0	25248.0	25249.0	25268.0	25271.0	25274.0	25277.0
8_1_6_1:	25375.0	25376.0	25381.0	25387.0	25390.0	25394.0	25400.0	25402.0	25407.0	25413.0	25419.0	25425.0	25433.0	25436.0	25442.0	25455.0	25466.0	25479.0	25487.0	25489.0	25497.0	25499.0	25506.0	25510.0	25533.0	25546.0	25559.0	25571.0	25585.0	25594.0	25603.0	25604.0
25_1_2_2:	69051.0
25_1_2_1:	25851.0
10_1_3_2:	68961.0	68962.0	68967.0	68976.0	68989.0	69002.0	69007.0	69012.0	69017.0	69022.0	69027.0	69037.0	69047.0	69056.0	69061.0	69066.0	69071.0	69076.0	69081.0	69086.0	69096.0	69106.0	69110.0	69114.0	69116.0	69118.0	69121.0	69122.0	69126.0	69130.0	69136.0	69141.0	69148.0	69156.0	69171.0	69173.0	69186.0	69187.0	69195.0	69202.0	69204.0	69207.0	69248.0	69254.0	69267.0	69285.0	69286.0	69288.0	69289.0	69292.0	69301.0	69309.0	69313.0	69332.0	69334.0	69337.0	69356.0	69379.0	69393.0	69412.0	69418.0	69430.0	69436.0
10_1_3_1:	25761.0	25762.0	25774.0	25780.0	25799.0	25813.0	25836.0	25855.0	25858.0	25860.0	25879.0	25883.0	25891.0	25900.0	25903.0	25904.0	25906.0	25907.0	25925.0	25938.0	25944.0	25985.0	25988.0	25993.0	25994.0	25995.0	25998.0	26002.0	26009.0	26014.0	26020.0	26031.0	26044.0	26052.0	26059.0	26064.0	26070.0	26074.0	26078.0	26079.0	26082.0	26084.0	26086.0	26090.0	26094.0	26104.0	26114.0	26119.0	26124.0	26129.0	26134.0	26139.0	26144.0	26153.0	26163.0	26173.0	26178.0	26183.0	26188.0	26193.0	26198.0	26211.0	26224.0	26233.0
23_1_1_2:	68447.0	68448.0	68449.0	68452.0	68453.0	68456.0	68459.0	68460.0	68474.0	68476.0	68477.0
18_1_0_2:	68434.0	68435.0	68444.0	68453.0	68462.0	68471.0	68480.0	68483.0	68495.0	68501.0	68511.0	68512.0
18_1_0_1:	25234.0	25235.0	25243.0	25244.0	25254.0	25260.0	25269.0	25278.0	25287.0	25295.0	25304.0	25306.0	25313.0	25318.0	25322.0
28_1_4_1:	25615.0	25616.0
21_1_0_1:	25239.0	25240.0	25249.0	25256.0	25263.0	25270.0	25286.0	25293.0	25300.0	25307.0	25314.0	25321.0	25328.0	25335.0	25338.0	25343.0	25348.0	25360.0	25372.0	25385.0	25398.0	25408.0	25411.0	25414.0	25424.0	25429.0	25434.0	25439.0	25456.0
1_2_0_2:	82802.0	82803.0	82812.0	82818.0	82829.0	82835.0	82841.0	82847.0	82853.0	82857.0	82862.0	82868.0	82874.0	82880.0	82886.0	82893.0	82898.0	82902.0	82912.0	82917.0	82922.0	82927.0	82931.0	82935.0	82939.0	82943.0	82948.0	82952.0	82963.0
21_1_0_2:	68439.0	68440.0	68457.0	68462.0	68467.0	68472.0	68477.0	68487.0	68490.0	68493.0	68503.0	68516.0	68529.0	68541.0	68553.0	68558.0	68563.0	68566.0	68573.0	68580.0	68587.0	68594.0	68601.0	68608.0	68615.0	68631.0	68638.0	68645.0	68652.0
1_2_0_1:	39602.0	39603.0	39613.0	39615.0	39619.0	39624.0	39628.0	39632.0	39636.0	39640.0	39645.0	39650.0	39655.0	39665.0	39669.0	39674.0	39681.0	39687.0	39693.0	39699.0	39705.0	39710.0	39714.0	39720.0	39726.0	39732.0	39738.0	39749.0	39755.0	39764.0	39773.0
24_2_0_2:	82847.0	82848.0	82850.0	82852.0	82854.0	82863.0	82871.0	82900.0	82908.0	82922.0	82925.0	82927.0	82931.0	82935.0	82946.0	82972.0	82993.0	82997.0	83001.0	83017.0	83019.0	83020.0	83022.0	83028.0	83033.0	83035.0	83039.0	83048.0	83050.0	83060.0	83067.0	83079.0	83087.0	83091.0	83095.0	83103.0	83105.0	83121.0	83127.0	83133.0	83140.0	83143.0	83148.0	83153.0	83161.0	83162.0	83171.0	83182.0	83193.0	83208.0	83216.0	83219.0
24_2_0_1:	39647.0	39648.0	39656.0	39671.0	39682.0	39693.0	39702.0	39703.0	39711.0	39716.0	39721.0	39724.0	39731.0	39737.0	39743.0	39759.0	39761.0	39769.0	39773.0	39777.0	39785.0	39797.0	39804.0	39814.0	39816.0	39825.0	39836.0	39841.0	39854.0	39859.0	39906.0	39918.0	39924.0	39926.0	39927.0	39929.0	39942.0	39977.0	39987.0
12_2_3_1:	40234.0	40235.0	40239.0	40242.0
24_1_1_2:	68457.0
24_1_1_1:	25257.0
12_2_3_2:	83434.0	83435.0	83437.0	83442.0	83448.0	83454.0	83457.0	83459.0	83463.0	83466.0	83469.0	83471.0	83473.0	83476.0	83478.0	83481.0
3_2_1_1:	39614.0	39615.0
3_2_1_2:	82814.0	82815.0	82816.0	82817.0	82821.0	82826.0	82827.0	82829.0	82830.0
17_1_0_1:	25233.0	25234.0	25242.0	25261.0	25267.0	25272.0	25285.0	25287.0	25294.0	25304.0	25321.0	25334.0	25339.0	25344.0	25348.0	25356.0	25357.0	25360.0	25363.0	25372.0	25387.0	25392.0	25395.0	25400.0	25401.0	25405.0	25414.0	25425.0	25428.0	25437.0	25439.0	25444.0	25449.0	25459.0	25468.0	25470.0	25474.0	25484.0	25487.0	25492.0	25500.0	25505.0	25506.0
28_1_4_2:	68815.0	68816.0	68818.0	68819.0	68842.0	68847.0
25_2_0_1:	39648.0	39649.0	39660.0	39671.0	39680.0	39684.0	39693.0	39701.0	39702.0	39713.0	39714.0	39725.0	39749.0	39762.0	39763.0	39764.0	39765.0	39771.0	39794.0	39800.0	39806.0
20_2_5_2:	83255.0	83256.0	83261.0	83264.0	83266.0	83267.0	83273.0	83274.0	83293.0	83296.0	83297.0	83298.0	83301.0	83302.0
20_2_5_1:	40055.0	40056.0	40058.0	40061.0	40063.0	40070.0	40073.0
17_1_0_2:	68433.0	68434.0	68435.0	68437.0	68438.0	68444.0	68455.0	68458.0	68468.0	68472.0	68474.0	68483.0	68493.0	68498.0	68503.0	68505.0	68514.0	68517.0	68528.0	68537.0	68541.0	68542.0	68547.0	68550.0	68555.0	68570.0	68579.0	68582.0	68585.0	68586.0	68594.0	68598.0	68603.0	68608.0	68621.0	68638.0	68648.0	68655.0	68657.0	68670.0	68675.0	68681.0	68700.0
25_2_0_2:	82848.0	82849.0	82850.0	82853.0	82855.0	82865.0	82888.0	82890.0	82892.0	82896.0	82897.0	82910.0	82934.0	82945.0	82946.0	82957.0	82960.0	82967.0	82968.0	82969.0	82976.0	82985.0	82996.0	83009.0
22_1_0_1:	25241.0	25242.0	25247.0	25251.0	25256.0	25259.0	25264.0	25267.0	25273.0	25278.0	25283.0	25290.0	25292.0	25302.0	25311.0	25312.0	25319.0	25320.0	25324.0	25332.0	25335.0	25359.0	25365.0	25370.0	25374.0	25376.0	25386.0	25396.0	25399.0	25404.0	25415.0	25424.0	25432.0	25440.0	25449.0	25457.0	25464.0	25472.0	25477.0	25486.0	25495.0	25502.0	25519.0	25527.0
22_1_0_2:	68441.0	68442.0	68451.0	68460.0	68468.0	68476.0	68484.0	68497.0	68506.0	68511.0	68519.0	68526.0	68534.0	68543.0	68551.0	68559.0	68568.0	68579.0	68584.0	68587.0	68597.0	68607.0	68609.0	68613.0	68618.0	68624.0	68648.0	68651.0	68659.0	68663.0	68664.0	68671.0	68672.0	68681.0	68691.0	68693.0	68700.0	68705.0	68710.0	68716.0	68719.0	68724.0	68728.0	68736.0
28_2_2_1:	40035.0
28_2_2_2:	83235.0
